4 0.756756 0.560713 0.196633 0.239584
2 0.560136 0.738839 0.126031 0.152909
2 0.803226 0.430882 0.095753 0.073476
2 0.346140 0.535361 0.081660 0.104898
2 0.429786 0.625825 0.086393 0.130606
2 0.219431 0.400129 0.059545 0.082187
2 0.751542 0.787027 0.144149 0.165588
2 0.426761 0.383818 0.067151 0.078591
5 0.558323 0.580732 0.229109 0.274878
2 0.414648 0.514496 0.074530 0.101322
2 0.450690 0.306850 0.068852 0.061665
2 0.924240 0.911034 0.146477 0.147599
0 0.197607 0.598280 0.018901 0.083674
2 0.742346 0.885430 0.162597 0.210667
0 0.907504 0.398483 0.012087 0.061837
2 0.045495 0.430700 0.090961 0.105241
2 0.188076 0.315724 0.063875 0.064601
2 0.277360 0.181619 0.042687 0.047455
2 0.952656 0.865539 0.093803 0.135318
2 0.201172 0.130120 0.037426 0.036792
2 0.784640 0.723829 0.125516 0.141044
2 0.319219 0.152688 0.044399 0.046530
5 0.930707 0.513493 0.100228 0.129511
0 0.946595 0.396273 0.020845 0.103858
2 0.282531 0.329891 0.069744 0.093797
2 0.410210 0.199406 0.047769 0.035440
2 0.069344 0.082362 0.023469 0.028042
0 0.062205 0.570364 0.017761 0.056780
0 0.020609 0.594384 0.019500 0.091752
0 0.960728 0.400115 0.015828 0.113102
2 0.135037 0.076992 0.029420 0.039393
