2 0.919208 0.920776 0.159834 0.154804
2 0.882232 0.491950 0.109363 0.113009
5 0.834430 0.738317 0.126188 0.206375
2 0.288707 0.393922 0.083596 0.110114
2 0.224523 0.402888 0.060986 0.083318
2 0.045451 0.431348 0.090849 0.106686
2 0.975820 0.877716 0.047765 0.116873
0 0.056867 0.591777 0.017603 0.105595
0 0.029184 0.598555 0.019200 0.095234
0 0.656447 0.451493 0.018035 0.081947
4 0.373661 0.317466 0.158186 0.175716
2 0.338570 0.377754 0.058623 0.071931
0 0.678863 0.430842 0.015892 0.085170
0 0.707076 0.439815 0.013616 0.060820
0 0.729420 0.443637 0.015243 0.075033
0 0.803001 0.438029 0.015789 0.070396
0 0.045970 0.602055 0.021440 0.097785
2 0.321267 0.153879 0.049795 0.047268
0 0.568786 0.474730 0.022216 0.094432
0 0.918449 0.326923 0.014909 0.076055
2 0.263720 0.331722 0.092968 0.068640
