2 0.908147 0.914565 0.180846 0.170678
2 0.708563 0.760381 0.147275 0.182915
2 0.882655 0.766649 0.156069 0.184536
2 0.308873 0.425404 0.075692 0.086076
2 0.523211 0.608636 0.118863 0.126500
2 0.441318 0.530897 0.087404 0.108372
2 0.814693 0.481374 0.114415 0.088326
2 0.210830 0.396282 0.070024 0.080591
2 0.405383 0.366676 0.074042 0.087464
2 0.208903 0.165295 0.041319 0.042592
0 0.283902 0.511321 0.016184 0.080068
0 0.260067 0.525142 0.019900 0.084505
2 0.583721 0.386118 0.086295 0.063523
2 0.501455 0.276124 0.063335 0.057766
2 0.973846 0.888700 0.051700 0.120392
0 0.966029 0.410697 0.018354 0.076954
2 0.084924 0.974166 0.166203 0.051669
2 0.241208 0.347579 0.060065 0.078487
2 0.154726 0.415956 0.050863 0.082459
4 0.699588 0.357884 0.107451 0.123552
2 0.059414 0.436929 0.060736 0.076810
5 0.699031 0.357777 0.108255 0.123363
0 0.035675 0.471286 0.022457 0.089264
0 0.944574 0.395724 0.014299 0.076901
0 0.940432 0.390124 0.012826 0.066458
2 0.328684 0.367919 0.072732 0.076248
5 0.157207 0.229269 0.063959 0.082263
2 0.326740 0.324391 0.057653 0.068914
2 0.171537 0.359028 0.045323 0.054537
2 0.323556 0.206533 0.045403 0.045444
0 0.923883 0.375252 0.012668 0.062588
2 0.194684 0.307661 0.038193 0.067771
2 0.264269 0.306577 0.061752 0.069984
2 0.442852 0.218441 0.046037 0.038722
