2 0.754864 0.809478 0.145418 0.169933
2 0.727700 0.681241 0.126208 0.127415
2 0.489994 0.579266 0.109880 0.125369
2 0.790809 0.634646 0.139562 0.134619
2 0.798362 0.527376 0.094098 0.081225
2 0.610523 0.678505 0.126044 0.160689
2 0.900575 0.914989 0.175410 0.169599
4 0.821779 0.373570 0.221981 0.212026
2 0.928276 0.839935 0.142816 0.208254
2 0.309404 0.426400 0.073849 0.084960
2 0.945344 0.718001 0.108554 0.148509
2 0.637194 0.592462 0.115142 0.119568
2 0.404562 0.494401 0.084106 0.098222
2 0.397150 0.415297 0.073790 0.077215
4 0.607646 0.245949 0.139434 0.160802
0 0.058278 0.580572 0.017879 0.093864
2 0.444957 0.218728 0.049759 0.042618
2 0.663587 0.551374 0.117259 0.120981
2 0.469588 0.475318 0.083958 0.089691
2 0.045423 0.430412 0.090820 0.103937
2 0.318773 0.153454 0.046885 0.043488
2 0.989269 0.590049 0.020827 0.067744
2 0.554674 0.513327 0.083783 0.131104
0 0.170753 0.528488 0.015769 0.087141
2 0.185232 0.078789 0.045745 0.040489
2 0.349352 0.208671 0.041009 0.051223
2 0.148474 0.091058 0.027768 0.030795
2 0.142261 0.081392 0.037400 0.049360
0 0.953847 0.382162 0.017686 0.107446
2 0.385987 0.187737 0.033331 0.039401
