2 0.972615 0.904496 0.053946 0.141299
2 0.953913 0.401860 0.079876 0.066169
2 0.274629 0.398426 0.065867 0.078392
2 0.420850 0.373540 0.088785 0.102420
2 0.045756 0.430338 0.091512 0.106776
2 0.319690 0.153201 0.044923 0.040941
2 0.360188 0.389821 0.064850 0.085170
2 0.205267 0.394637 0.068028 0.080616
2 0.869219 0.966082 0.161190 0.067836
2 0.141836 0.410656 0.060068 0.083863
0 0.172056 0.808900 0.054164 0.099117
2 0.338688 0.207969 0.048023 0.047729
3 0.171612 0.816615 0.085214 0.101967
2 0.096822 0.232727 0.044004 0.065964
0 0.953839 0.317752 0.014896 0.069956
2 0.258932 0.166295 0.047864 0.050934
2 0.236601 0.226733 0.025986 0.027561
2 0.304653 0.354516 0.066870 0.074520
2 0.235165 0.333155 0.058327 0.075651
2 0.303198 0.292777 0.059621 0.055358
2 0.163463 0.335725 0.050650 0.087305
3 0.165130 0.824646 0.058679 0.073738
