4 0.453312 0.361391 0.180541 0.197912
2 0.398204 0.583997 0.088609 0.124485
2 0.694181 0.384205 0.080662 0.067825
2 0.315355 0.487794 0.084058 0.102042
2 0.924293 0.914698 0.150708 0.167591
2 0.891342 0.767923 0.172645 0.163686
4 0.887073 0.650241 0.225006 0.296523
2 0.311168 0.343938 0.072786 0.082449
2 0.454267 0.483942 0.071564 0.095160
5 0.550482 0.584238 0.150033 0.240931
2 0.217632 0.381111 0.061212 0.096029
2 0.045452 0.430637 0.090828 0.110406
2 0.327845 0.428626 0.070946 0.090920
2 0.913076 0.402951 0.072653 0.076929
2 0.117234 0.157983 0.034791 0.046094
2 0.257182 0.308332 0.032394 0.043900
2 0.220473 0.227985 0.053330 0.063455
2 0.320747 0.154169 0.050470 0.046716
0 0.957812 0.414122 0.017872 0.081662
2 0.229019 0.336682 0.057072 0.073199
2 0.478398 0.230505 0.040891 0.039279
