4 0.817556 0.606989 0.360107 0.347281
2 0.548734 0.563318 0.091332 0.112380
0 0.194748 0.702966 0.021925 0.111575
2 0.423177 0.447561 0.076758 0.102094
2 0.551600 0.484943 0.086646 0.088984
2 0.547192 0.311607 0.056088 0.055677
2 0.452367 0.404000 0.065822 0.083186
2 0.976472 0.967693 0.046179 0.064614
5 0.273907 0.353543 0.131639 0.188027
0 0.219213 0.701715 0.021924 0.099958
2 0.045473 0.430059 0.090689 0.106256
4 0.771685 0.339900 0.204298 0.171631
2 0.398796 0.249523 0.054077 0.055652
2 0.252528 0.168084 0.043931 0.048772
2 0.933472 0.399173 0.084248 0.071491
2 0.458452 0.223095 0.043546 0.041548
2 0.094684 0.230753 0.039301 0.050711
2 0.318149 0.154431 0.044743 0.040746
2 0.350874 0.362967 0.034454 0.078694
2 0.141684 0.213153 0.035161 0.040351
2 0.317472 0.296702 0.052995 0.052555
6 0.118909 0.535485 0.013882 0.061505
2 0.977208 0.570133 0.045004 0.059051
4 0.817025 0.356656 0.117796 0.132247
