2 0.430930 0.520265 0.090004 0.107134
2 0.895913 0.673342 0.148748 0.137811
2 0.757762 0.534276 0.102740 0.091278
2 0.805921 0.487039 0.097121 0.078595
2 0.771137 0.750285 0.160192 0.178204
0 0.367187 0.912082 0.028379 0.142036
0 0.347430 0.852502 0.023852 0.133745
2 0.286241 0.395929 0.073962 0.101090
2 0.572191 0.720602 0.137795 0.188904
2 0.598920 0.573032 0.111039 0.135208
2 0.368078 0.392028 0.072890 0.083609
2 0.198854 0.318414 0.062840 0.072469
2 0.941779 0.937005 0.115686 0.121571
2 0.472157 0.306895 0.064882 0.059292
2 0.447034 0.463564 0.082595 0.097279
2 0.045550 0.430854 0.090993 0.102992
2 0.565499 0.481965 0.095953 0.074439
2 0.244678 0.157966 0.044302 0.040993
2 0.468537 0.408898 0.076723 0.079180
2 0.168504 0.194148 0.046170 0.053600
2 0.811995 0.968687 0.119713 0.059094
2 0.717359 0.655910 0.111038 0.098223
2 0.540406 0.608343 0.090289 0.083549
2 0.960632 0.854022 0.078078 0.106016
2 0.953939 0.401496 0.077848 0.065914
0 0.152026 0.533884 0.015737 0.085912
2 0.225535 0.232891 0.055529 0.056825
2 0.317815 0.151702 0.044500 0.043673
2 0.322564 0.199907 0.051500 0.044986
