2 0.932097 0.596103 0.134668 0.100440
2 0.413426 0.372649 0.085102 0.098152
4 0.206478 0.362593 0.138260 0.187762
2 0.891862 0.939190 0.191325 0.117050
2 0.332086 0.369846 0.067330 0.078218
2 0.839396 0.535250 0.107145 0.080957
0 0.443456 0.471774 0.015508 0.080474
2 0.045367 0.430896 0.090485 0.104509
2 0.318758 0.153673 0.044591 0.042377
0 0.346297 0.783229 0.028095 0.111554
0 0.466488 0.498816 0.014315 0.077518
2 0.897710 0.498189 0.069474 0.079022
2 0.949456 0.730344 0.090412 0.136910
2 0.935923 0.399132 0.087980 0.068802
0 0.726389 0.416985 0.013839 0.072055
0 0.648617 0.449823 0.017100 0.086041
0 0.677183 0.443258 0.012259 0.062471
6 0.638174 0.343485 0.016335 0.035680
0 0.777097 0.454971 0.013561 0.063006
0 0.605701 0.450902 0.017345 0.071085
0 0.629198 0.460247 0.012648 0.064507
0 0.706147 0.453866 0.020338 0.083861
0 0.698288 0.444439 0.013259 0.064995
2 0.241393 0.240369 0.047157 0.042612
