2 0.885981 0.900989 0.181862 0.182367
2 0.684029 0.743206 0.139946 0.171998
2 0.441214 0.530662 0.088489 0.108663
2 0.309805 0.425891 0.076450 0.082695
2 0.213204 0.395624 0.064019 0.080923
2 0.522944 0.609056 0.119430 0.125608
2 0.736779 0.658135 0.129877 0.158342
2 0.924871 0.512597 0.128690 0.092809
2 0.345750 0.317279 0.066147 0.079868
0 0.303869 0.514093 0.019471 0.088531
2 0.646371 0.403616 0.075004 0.069696
0 0.355733 0.496547 0.021810 0.087455
2 0.971997 0.895700 0.055307 0.135281
2 0.176656 0.104410 0.029711 0.031683
2 0.045440 0.430364 0.090573 0.101807
2 0.152312 0.415619 0.054597 0.086017
0 0.826249 0.423866 0.015307 0.071908
2 0.239771 0.302470 0.064315 0.056737
2 0.105224 0.198683 0.040881 0.052775
2 0.444737 0.219944 0.051439 0.042444
2 0.318679 0.154262 0.045767 0.043703
2 0.161870 0.286236 0.051858 0.053415
2 0.383059 0.188281 0.041631 0.037419
2 0.170326 0.293863 0.034626 0.035871
0 0.882611 0.412154 0.012421 0.060276
2 0.156340 0.252174 0.044337 0.042600
5 0.318432 0.153858 0.047326 0.046510
