4 0.218979 0.377367 0.160289 0.202266
2 0.416628 0.375197 0.080701 0.099035
2 0.349095 0.380478 0.066046 0.079364
0 0.330217 0.742603 0.025034 0.142683
2 0.936424 0.397559 0.088171 0.071959
2 0.223683 0.174847 0.044189 0.041824
2 0.548273 0.294749 0.067828 0.055326
2 0.427295 0.271324 0.048447 0.055425
0 0.305922 0.757160 0.022998 0.131914
2 0.045408 0.429951 0.090817 0.093841
0 0.224272 0.641362 0.030120 0.109592
0 0.351166 0.797544 0.030633 0.110024
0 0.279956 0.753760 0.021297 0.111324
2 0.171393 0.094390 0.031468 0.031083
0 0.221958 0.745341 0.022594 0.106068
2 0.345328 0.326235 0.078402 0.061243
2 0.202384 0.121868 0.033889 0.045140
2 0.316396 0.190635 0.046686 0.051545
0 0.037172 0.566428 0.020532 0.090953
2 0.286259 0.154569 0.045626 0.050467
2 0.305950 0.289999 0.039710 0.052777
2 0.137398 0.072801 0.029963 0.042290
0 0.020910 0.491664 0.018907 0.082332
0 0.120797 0.640336 0.019061 0.088675
0 0.061870 0.547407 0.018382 0.052474
2 0.269835 0.311145 0.073467 0.079200
2 0.319241 0.152586 0.042077 0.037715
2 0.204610 0.231342 0.034836 0.045202
