4 0.795665 0.606262 0.399616 0.342041
2 0.481384 0.502897 0.082919 0.099500
2 0.805129 0.836176 0.151585 0.166531
2 0.804191 0.916973 0.191177 0.165709
2 0.360535 0.398341 0.069444 0.090885
4 0.908395 0.433636 0.182728 0.230328
2 0.520732 0.456116 0.088319 0.088250
0 0.150146 0.667081 0.021486 0.111234
2 0.831937 0.473293 0.082299 0.073075
2 0.417469 0.376081 0.069346 0.074424
0 0.176592 0.664082 0.022640 0.111086
2 0.045434 0.430202 0.090631 0.103985
2 0.579656 0.349430 0.078936 0.071115
2 0.272516 0.308894 0.036625 0.067759
2 0.322218 0.153164 0.051001 0.047055
2 0.093710 0.178089 0.037101 0.038738
6 0.118849 0.536816 0.012709 0.058363
2 0.455602 0.223170 0.038718 0.044507
5 0.198217 0.320392 0.114746 0.107438
5 0.180900 0.114702 0.033635 0.049480
2 0.400753 0.262726 0.026238 0.022857
2 0.472597 0.224998 0.026238 0.034484
2 0.151108 0.097734 0.032142 0.027979
