2 0.658494 0.860025 0.149300 0.181469
2 0.924846 0.926715 0.149141 0.146018
2 0.224530 0.402222 0.061441 0.082763
5 0.723507 0.714475 0.291182 0.351622
2 0.288553 0.391924 0.083720 0.114576
4 0.899870 0.659262 0.198457 0.275359
2 0.045414 0.430271 0.090781 0.107583
0 0.046193 0.605080 0.021237 0.092431
2 0.949987 0.849674 0.099107 0.112754
0 0.025573 0.597129 0.018944 0.093940
2 0.535921 0.615273 0.093093 0.130207
2 0.184450 0.131753 0.035824 0.042569
2 0.225746 0.131404 0.038343 0.035558
2 0.807136 0.947711 0.136325 0.104579
0 0.188859 0.544914 0.023167 0.092881
2 0.342564 0.195763 0.049063 0.044745
0 0.904518 0.398643 0.010642 0.063995
2 0.337315 0.380436 0.058965 0.070521
0 0.052780 0.592655 0.014792 0.105898
2 0.782887 0.547788 0.110969 0.108002
2 0.319722 0.151841 0.044525 0.046305
0 0.921782 0.407988 0.013754 0.072164
2 0.708885 0.572166 0.103435 0.097475
0 0.949174 0.414445 0.013840 0.073180
0 0.932686 0.409183 0.012392 0.072910
2 0.643681 0.375415 0.098032 0.102013
5 0.550080 0.506434 0.086584 0.113179
2 0.096790 0.175817 0.036019 0.048269
0 0.962496 0.413959 0.012592 0.079691
0 0.838903 0.389148 0.017120 0.057894
