2 0.294541 0.414307 0.073020 0.082415
2 0.935999 0.939904 0.127044 0.113066
2 0.953983 0.402169 0.079073 0.065280
2 0.212536 0.401268 0.066308 0.083433
2 0.319411 0.154215 0.046589 0.042684
2 0.150097 0.105850 0.032352 0.033495
2 0.422017 0.373846 0.086211 0.101624
0 0.085706 0.504186 0.014927 0.083090
2 0.349863 0.388215 0.085951 0.086071
2 0.141301 0.407795 0.059771 0.094290
2 0.046534 0.434602 0.093068 0.077611
2 0.236778 0.341648 0.064581 0.090298
0 0.031362 0.502579 0.026974 0.083471
2 0.163710 0.336756 0.053191 0.089569
2 0.096876 0.231601 0.041928 0.058279
5 0.396336 0.133158 0.103204 0.096158
0 0.939997 0.311298 0.012626 0.059548
2 0.236667 0.227119 0.025616 0.026691
2 0.302580 0.292685 0.060572 0.056332
0 0.954408 0.312756 0.015990 0.058426
