2 0.885719 0.900877 0.181558 0.186367
2 0.669051 0.728815 0.137919 0.174797
2 0.425134 0.515299 0.085389 0.103447
2 0.672974 0.629868 0.120619 0.130790
2 0.522737 0.608088 0.119019 0.125975
2 0.308774 0.425152 0.074623 0.084487
2 0.213085 0.395604 0.064761 0.082035
0 0.166697 0.524560 0.017633 0.095835
2 0.972270 0.886965 0.054787 0.136683
0 0.050040 0.572328 0.021278 0.084242
0 0.224433 0.518591 0.015776 0.083659
2 0.045561 0.431580 0.091121 0.100990
2 0.155241 0.419047 0.043009 0.073779
4 0.518134 0.185824 0.114091 0.117720
2 0.319565 0.152732 0.045656 0.047205
2 0.171987 0.141475 0.038206 0.038110
2 0.448827 0.247089 0.047742 0.051666
2 0.460489 0.243929 0.026000 0.054816
6 0.638224 0.344069 0.017556 0.037685
2 0.384327 0.191234 0.041921 0.037116
0 0.991039 0.396479 0.016618 0.094017
