2 0.831860 0.743972 0.163305 0.157099
4 0.843776 0.628565 0.312448 0.346571
2 0.548586 0.482820 0.089489 0.092845
2 0.330760 0.365011 0.064136 0.076755
2 0.814411 0.427162 0.105013 0.081469
2 0.477245 0.423382 0.063153 0.086113
2 0.647490 0.543620 0.090807 0.098399
2 0.045497 0.430355 0.090927 0.108890
2 0.975717 0.895503 0.047761 0.088752
0 0.098033 0.594004 0.022695 0.099830
2 0.318165 0.153349 0.042951 0.043387
2 0.165105 0.104136 0.032966 0.032609
0 0.075217 0.598265 0.027227 0.103421
2 0.242477 0.161880 0.050360 0.061471
0 0.051463 0.613686 0.024825 0.093042
2 0.578169 0.321069 0.075213 0.065842
2 0.958665 0.962475 0.081252 0.075050
2 0.239075 0.143600 0.046062 0.045008
2 0.959086 0.925511 0.081357 0.148239
2 0.457708 0.234172 0.062117 0.055378
2 0.429150 0.205514 0.044725 0.037480
2 0.917828 0.400951 0.047344 0.059705
