2 0.945037 0.891110 0.109242 0.207069
0 0.205873 0.541393 0.020160 0.083316
2 0.453360 0.282593 0.061639 0.059695
2 0.319389 0.153681 0.044752 0.042644
2 0.187169 0.113461 0.034512 0.037792
2 0.046041 0.435776 0.091605 0.086383
2 0.274285 0.398032 0.066872 0.078246
2 0.417084 0.370953 0.095958 0.106170
2 0.953567 0.402885 0.079646 0.063962
2 0.862429 0.968571 0.158336 0.062858
2 0.360546 0.388512 0.064958 0.084853
2 0.204579 0.394184 0.067423 0.080750
0 0.011959 0.600446 0.023748 0.121066
2 0.141101 0.406402 0.061004 0.083036
2 0.149554 0.418497 0.041788 0.056608
2 0.230224 0.161768 0.041210 0.058337
5 0.229698 0.162381 0.042552 0.058766
2 0.304484 0.354245 0.068522 0.073626
0 0.940321 0.324487 0.021521 0.088350
0 0.441278 0.769760 0.017239 0.069229
2 0.096803 0.231616 0.043781 0.061448
2 0.235146 0.330915 0.058606 0.070930
2 0.303154 0.292788 0.058535 0.056069
0 0.436093 0.782515 0.041454 0.099271
0 0.953759 0.310081 0.015141 0.054481
