2 0.852697 0.899102 0.166149 0.189500
2 0.412916 0.581541 0.097371 0.122806
2 0.696753 0.581368 0.120553 0.113723
2 0.562320 0.496828 0.092700 0.095765
2 0.588489 0.617042 0.120026 0.148392
2 0.364142 0.468381 0.073773 0.098517
2 0.459359 0.411550 0.076930 0.089003
2 0.180660 0.379238 0.065733 0.081429
2 0.847205 0.661150 0.152807 0.130759
0 0.171435 0.654251 0.021815 0.105540
2 0.936573 0.398465 0.087962 0.070344
2 0.978263 0.728906 0.042937 0.101053
0 0.389344 0.931348 0.028063 0.130136
0 0.323339 0.823270 0.022617 0.117275
2 0.045540 0.429823 0.090785 0.103984
2 0.247629 0.139841 0.037237 0.036799
2 0.300956 0.184605 0.045165 0.047190
0 0.352921 0.820080 0.020663 0.118805
2 0.138404 0.107141 0.038209 0.038004
2 0.104128 0.165953 0.032047 0.040446
0 0.427881 0.870280 0.027125 0.096696
2 0.319289 0.152118 0.042353 0.040214
2 0.239066 0.333342 0.064766 0.113299
0 0.404278 0.954784 0.022089 0.089383
2 0.466049 0.226616 0.055318 0.053085
0 0.410196 0.935328 0.025504 0.121286
2 0.077874 0.204732 0.029144 0.040653
