2 0.897181 0.889395 0.175729 0.184995
2 0.739057 0.692563 0.126622 0.157646
2 0.921220 0.447512 0.075438 0.081170
2 0.428762 0.373455 0.081197 0.100359
0 0.401122 0.488527 0.023392 0.080397
2 0.049491 0.432881 0.097602 0.092668
2 0.258527 0.147792 0.039954 0.036139
2 0.182179 0.303463 0.042419 0.047689
2 0.310381 0.354197 0.061535 0.070924
0 0.275714 0.516671 0.014540 0.081782
0 0.329426 0.522045 0.031218 0.087559
2 0.269510 0.388535 0.065377 0.079839
2 0.308651 0.191169 0.044383 0.047823
2 0.367577 0.390714 0.058508 0.076141
5 0.255750 0.360021 0.090899 0.134952
0 0.655186 0.443986 0.017568 0.076214
2 0.066328 0.145407 0.034607 0.038088
2 0.469953 0.220445 0.028581 0.035341
2 0.326219 0.154229 0.049679 0.041719
2 0.126638 0.157298 0.027416 0.033197
0 0.978906 0.408599 0.014371 0.054968
2 0.154399 0.229904 0.043200 0.053208
2 0.156983 0.242771 0.038333 0.036033
5 0.534097 0.174493 0.117770 0.145437
2 0.255555 0.373599 0.091531 0.112624
0 0.672676 0.480089 0.020836 0.065189
2 0.239453 0.340141 0.057628 0.087756
2 0.457462 0.217178 0.054542 0.045487
