2 0.503258 0.524238 0.090694 0.100416
2 0.552878 0.636806 0.113860 0.132643
2 0.349918 0.459377 0.077272 0.092904
2 0.826705 0.715689 0.170374 0.177836
2 0.887483 0.488498 0.106666 0.085136
2 0.731612 0.441196 0.108108 0.098718
4 0.838551 0.373488 0.319874 0.231764
2 0.768625 0.608341 0.146723 0.101954
2 0.546058 0.480554 0.086942 0.089474
2 0.377089 0.346319 0.064203 0.070483
4 0.933150 0.909074 0.133238 0.164985
2 0.317652 0.153171 0.044381 0.042285
0 0.069174 0.553383 0.016808 0.086110
0 0.061069 0.647782 0.024112 0.099466
0 0.207971 0.693039 0.036023 0.106638
2 0.291857 0.295181 0.062566 0.060702
2 0.045509 0.431107 0.091019 0.106578
2 0.438908 0.251090 0.055795 0.054194
0 0.216307 0.690037 0.017818 0.101539
0 0.299754 0.790868 0.034550 0.150734
0 0.277494 0.768212 0.021406 0.106582
0 0.092858 0.638564 0.030990 0.096108
5 0.933346 0.911298 0.132123 0.170152
2 0.933579 0.910668 0.132047 0.166664
2 0.153643 0.246711 0.048115 0.049457
6 0.638079 0.343894 0.016454 0.038335
0 0.280364 0.736718 0.023250 0.134491
0 0.281473 0.701626 0.018768 0.063947
