2 0.606151 0.674074 0.125831 0.157535
2 0.900992 0.914916 0.177216 0.170169
2 0.838755 0.753580 0.155789 0.166161
2 0.705798 0.665020 0.118037 0.129510
2 0.789542 0.627196 0.134874 0.113716
2 0.754632 0.810862 0.141844 0.165365
2 0.931684 0.711656 0.135940 0.154255
2 0.798350 0.527017 0.095157 0.082505
2 0.291279 0.410047 0.072750 0.086091
2 0.466595 0.558221 0.106662 0.118574
0 0.254640 0.779172 0.026983 0.126107
2 0.372961 0.466721 0.080194 0.096088
2 0.628865 0.590634 0.111972 0.127069
2 0.464917 0.477360 0.087501 0.095958
2 0.318987 0.153430 0.046633 0.043738
0 0.150942 0.654757 0.019637 0.092735
2 0.446346 0.218433 0.051642 0.042649
2 0.969386 0.907406 0.060666 0.168609
2 0.207512 0.119118 0.035266 0.037810
2 0.664852 0.543324 0.117966 0.105681
2 0.045532 0.430688 0.090833 0.103424
2 0.590369 0.341886 0.072975 0.066475
2 0.552438 0.512242 0.091007 0.126326
0 0.958505 0.371693 0.013836 0.060349
2 0.395314 0.418442 0.069300 0.088989
0 0.993919 0.391332 0.011388 0.102287
2 0.383041 0.188164 0.039911 0.041397
0 0.153710 0.534044 0.016641 0.079816
