2 0.931432 0.712472 0.136465 0.153952
2 0.900314 0.914948 0.181890 0.170103
2 0.628010 0.586714 0.110954 0.121028
2 0.839038 0.755180 0.155045 0.168369
2 0.750893 0.805951 0.141463 0.166071
2 0.545409 0.621199 0.115696 0.143933
2 0.779868 0.623404 0.139837 0.113305
2 0.783748 0.533011 0.099358 0.084576
2 0.706915 0.665856 0.118828 0.131632
2 0.418048 0.520246 0.102543 0.112798
2 0.186359 0.139145 0.039151 0.047965
2 0.902225 0.532745 0.068317 0.090977
2 0.273885 0.396528 0.067493 0.081752
0 0.235131 0.719776 0.024267 0.107737
2 0.427249 0.441351 0.075498 0.085729
2 0.664999 0.542462 0.116114 0.102517
2 0.319338 0.153466 0.044708 0.044404
2 0.964435 0.904682 0.070574 0.177231
2 0.352050 0.447397 0.085031 0.089751
2 0.547168 0.508208 0.082071 0.120660
0 0.115717 0.658313 0.023128 0.112811
2 0.045503 0.431190 0.090832 0.106104
0 0.152251 0.537598 0.017714 0.079895
2 0.286254 0.180109 0.051940 0.064700
2 0.441326 0.227172 0.081239 0.051407
2 0.346174 0.374589 0.065852 0.069016
2 0.464352 0.224636 0.038329 0.042708
6 0.638289 0.344254 0.017113 0.036760
