2 0.800044 0.539576 0.127927 0.083518
4 0.206617 0.363815 0.139019 0.184154
2 0.783342 0.935206 0.227426 0.127201
2 0.657584 0.560994 0.093450 0.114590
2 0.629518 0.360175 0.072261 0.078355
2 0.045366 0.430293 0.090617 0.104592
2 0.913852 0.520029 0.048131 0.085925
0 0.162242 0.702423 0.025717 0.102208
2 0.285122 0.169037 0.048919 0.046422
0 0.252499 0.540626 0.014185 0.080624
2 0.323666 0.155751 0.033956 0.041632
2 0.308284 0.339914 0.118165 0.134845
0 0.295093 0.503850 0.023076 0.084128
2 0.429590 0.205615 0.045375 0.044332
0 0.776910 0.409462 0.013116 0.065058
2 0.207012 0.154970 0.037049 0.043612
2 0.230706 0.231505 0.052704 0.057669
2 0.088802 0.226087 0.032927 0.043303
2 0.335342 0.369272 0.063421 0.076743
2 0.993830 0.782117 0.011601 0.056700
