2 0.837090 0.776948 0.144611 0.179548
2 0.950928 0.935649 0.097583 0.122386
2 0.426664 0.376722 0.079618 0.095994
2 0.048244 0.432614 0.093171 0.094105
0 0.393906 0.512513 0.021556 0.086592
0 0.471216 0.477110 0.021394 0.074935
2 0.307761 0.354738 0.061423 0.074292
0 0.705400 0.444662 0.020641 0.072575
0 0.339090 0.507426 0.014550 0.075745
2 0.365162 0.391729 0.060876 0.075941
2 0.165755 0.344805 0.047990 0.083359
0 0.813779 0.414637 0.014927 0.070551
2 0.267109 0.390922 0.064067 0.081672
2 0.207013 0.138221 0.037312 0.043601
2 0.915085 0.426394 0.045626 0.076188
2 0.322980 0.153393 0.045204 0.045501
2 0.150045 0.092686 0.029197 0.034180
0 0.967352 0.418296 0.017349 0.078774
2 0.412073 0.203924 0.052515 0.036182
0 0.670551 0.484244 0.019430 0.076513
2 0.236958 0.338476 0.060304 0.086460
2 0.194664 0.202465 0.031874 0.041071
2 0.063760 0.133136 0.034012 0.042811
2 0.016785 0.355966 0.033541 0.032288
0 0.961032 0.422392 0.013247 0.067683
