4 0.834082 0.623700 0.331596 0.354240
2 0.643823 0.623860 0.124973 0.128149
2 0.531448 0.469801 0.085211 0.090500
2 0.910818 0.842334 0.159312 0.182362
2 0.304988 0.344227 0.062362 0.071897
2 0.823551 0.865920 0.163248 0.180469
2 0.797621 0.920369 0.187871 0.159106
2 0.833923 0.451423 0.101267 0.084154
0 0.149586 0.627464 0.019151 0.101169
0 0.123235 0.635825 0.020606 0.105186
2 0.468916 0.416898 0.061583 0.085894
2 0.968919 0.978141 0.060817 0.043058
2 0.246747 0.148703 0.039756 0.035062
2 0.391613 0.253736 0.061864 0.056426
0 0.024099 0.581829 0.020524 0.086162
2 0.561730 0.340694 0.088452 0.064469
2 0.045448 0.430655 0.090895 0.103473
2 0.622548 0.529993 0.092760 0.093010
2 0.318136 0.153502 0.043918 0.041019
2 0.198275 0.116296 0.030617 0.036355
2 0.167754 0.136795 0.035316 0.038937
2 0.079385 0.085920 0.033942 0.036491
0 0.868064 0.390170 0.015912 0.065182
2 0.338587 0.195101 0.053260 0.054076
