2 0.580365 0.650826 0.119587 0.150035
2 0.901769 0.914998 0.178966 0.170005
2 0.931486 0.712124 0.136377 0.154685
2 0.754546 0.810772 0.142468 0.166077
2 0.838841 0.754690 0.155955 0.167241
2 0.705946 0.665642 0.119502 0.131879
2 0.439994 0.534359 0.102408 0.119005
2 0.780994 0.622021 0.138043 0.111862
2 0.798668 0.527851 0.094647 0.077734
2 0.627463 0.590547 0.114010 0.124631
2 0.767629 0.434708 0.089364 0.071199
2 0.453909 0.221391 0.048088 0.043553
2 0.282489 0.405014 0.070958 0.084953
0 0.194531 0.685477 0.021822 0.105249
2 0.356497 0.452236 0.078734 0.096953
2 0.465434 0.475387 0.086988 0.096009
0 0.175132 0.714203 0.025094 0.115876
2 0.664236 0.540839 0.117986 0.101344
2 0.964428 0.905025 0.070597 0.178139
2 0.045395 0.430892 0.090762 0.104915
2 0.368600 0.395590 0.069047 0.078408
2 0.185956 0.126684 0.055362 0.044033
2 0.555127 0.509460 0.090165 0.120286
2 0.298329 0.161826 0.044649 0.046277
0 0.154597 0.534209 0.020334 0.085424
0 0.937408 0.333695 0.017668 0.086445
2 0.321887 0.156199 0.039032 0.045583
0 0.992665 0.392741 0.013923 0.101250
