4 0.547726 0.429601 0.218353 0.240681
2 0.442782 0.518897 0.092706 0.110085
2 0.416231 0.582779 0.103902 0.119530
4 0.961517 0.675611 0.076284 0.218914
5 0.724906 0.721485 0.196176 0.295580
2 0.539726 0.717374 0.108413 0.150313
2 0.299666 0.448182 0.069255 0.111676
2 0.378035 0.400024 0.076381 0.097863
2 0.607579 0.610663 0.091383 0.114701
2 0.157384 0.184145 0.037758 0.044936
2 0.886818 0.463645 0.110324 0.088519
2 0.651790 0.370024 0.080804 0.085823
2 0.440178 0.247886 0.056174 0.051657
2 0.326135 0.421208 0.064068 0.086326
2 0.045521 0.430194 0.090689 0.105475
2 0.168674 0.301799 0.035694 0.028993
2 0.481218 0.231409 0.034631 0.036704
2 0.315834 0.153396 0.039297 0.043352
2 0.072667 0.127762 0.025163 0.031419
2 0.666182 0.473840 0.018014 0.038515
2 0.922967 0.395590 0.074168 0.067529
