4 0.716917 0.550703 0.291038 0.309690
2 0.690200 0.830222 0.146265 0.174006
4 0.886382 0.412286 0.225889 0.231597
2 0.310292 0.422736 0.071323 0.087390
2 0.787061 0.788263 0.152516 0.167562
2 0.492954 0.624416 0.092743 0.151283
2 0.581342 0.639287 0.107473 0.132831
2 0.452471 0.465234 0.080383 0.090197
2 0.542072 0.528067 0.107448 0.112628
2 0.045462 0.428019 0.090924 0.100623
2 0.471710 0.414326 0.089200 0.103707
2 0.158858 0.189247 0.046026 0.045505
2 0.636172 0.365411 0.073452 0.076158
2 0.094911 0.221864 0.037284 0.044422
2 0.268770 0.162135 0.044648 0.037585
2 0.156725 0.095715 0.031580 0.033623
2 0.317617 0.154048 0.042025 0.043604
2 0.458085 0.228164 0.029310 0.043264
2 0.292686 0.292166 0.056095 0.046965
2 0.477813 0.231399 0.041456 0.041090
2 0.526523 0.249264 0.065405 0.063103
2 0.081891 0.171043 0.033788 0.051635
2 0.655366 0.377399 0.036259 0.054080
6 0.118104 0.521739 0.015011 0.090624
