2 0.927952 0.865177 0.143403 0.201838
2 0.762182 0.467849 0.104617 0.090771
0 0.428351 0.504087 0.016789 0.081920
2 0.481950 0.323503 0.076285 0.066630
2 0.419179 0.373681 0.091660 0.100329
2 0.046147 0.431755 0.092153 0.105983
2 0.320917 0.153528 0.043244 0.043850
2 0.205522 0.394547 0.066335 0.081678
2 0.361922 0.388647 0.062579 0.084316
2 0.264282 0.391433 0.067378 0.080067
2 0.850012 0.469508 0.100810 0.084869
2 0.850440 0.971307 0.146563 0.056331
2 0.083565 0.135556 0.039060 0.045450
2 0.893339 0.449142 0.092019 0.072279
2 0.306879 0.356951 0.065715 0.076987
2 0.141529 0.407565 0.061667 0.086494
2 0.613332 0.405586 0.071124 0.086148
2 0.278932 0.208236 0.048741 0.047124
2 0.982215 0.965165 0.034708 0.069670
2 0.593052 0.333748 0.058654 0.052645
2 0.232119 0.323990 0.060330 0.056536
2 0.955114 0.405663 0.076874 0.065879
0 0.199164 0.525016 0.022314 0.051945
2 0.302529 0.291818 0.061642 0.059017
2 0.096372 0.228131 0.044634 0.052358
