2 0.758474 0.812060 0.143444 0.166162
2 0.489880 0.579204 0.110986 0.122454
2 0.757306 0.599941 0.110240 0.132101
2 0.922577 0.929894 0.151160 0.140211
2 0.610550 0.678533 0.126257 0.159457
2 0.309266 0.426455 0.074610 0.085648
2 0.942938 0.712315 0.113384 0.141323
2 0.478695 0.482207 0.085127 0.094374
2 0.792157 0.473084 0.062269 0.081562
2 0.872621 0.793180 0.151680 0.150157
2 0.318434 0.152863 0.048083 0.041753
2 0.501975 0.318868 0.070536 0.065622
2 0.661669 0.581045 0.099453 0.159830
2 0.406192 0.497372 0.083286 0.097179
2 0.400679 0.419820 0.077413 0.081863
0 0.054297 0.500349 0.017679 0.080677
2 0.588997 0.318439 0.073041 0.062027
2 0.445079 0.217362 0.052044 0.043469
0 0.171343 0.527834 0.014859 0.086925
2 0.883158 0.736722 0.154321 0.147882
2 0.045254 0.432494 0.090407 0.100863
2 0.157945 0.095757 0.024894 0.032183
2 0.384291 0.187523 0.044393 0.041140
2 0.639230 0.344329 0.018717 0.035227
