2 0.669301 0.537353 0.131482 0.095426
4 0.204647 0.361652 0.136732 0.189271
2 0.537027 0.471833 0.070201 0.096777
2 0.784687 0.456088 0.089390 0.099577
0 0.219592 0.509893 0.021213 0.089416
2 0.854251 0.552990 0.087101 0.092434
0 0.169286 0.555661 0.016840 0.085155
2 0.045450 0.428322 0.090901 0.101217
0 0.013347 0.527798 0.025390 0.101612
4 0.919783 0.650131 0.159056 0.260581
0 0.128878 0.666090 0.027483 0.099426
2 0.267617 0.171198 0.049702 0.050485
2 0.319006 0.152287 0.043394 0.041347
2 0.335027 0.369301 0.063637 0.075396
2 0.437786 0.206384 0.030823 0.040244
2 0.162569 0.223497 0.050411 0.053409
2 0.378929 0.257948 0.056268 0.039574
0 0.968994 0.409942 0.018478 0.074063
5 0.919648 0.650888 0.159967 0.256901
2 0.147502 0.175216 0.038441 0.045171
4 0.301449 0.099340 0.104219 0.080565
2 0.933167 0.400396 0.081830 0.072773
2 0.342712 0.185882 0.049198 0.047456
0 0.820491 0.395053 0.013104 0.052496
0 0.994304 0.407133 0.010652 0.075598
0 0.946063 0.420902 0.015741 0.069855
2 0.100954 0.246189 0.054540 0.058436
0 0.957033 0.413796 0.014003 0.071913
