2 0.339729 0.512166 0.076194 0.108690
4 0.464170 0.375603 0.181768 0.213671
2 0.380063 0.465651 0.095133 0.116429
2 0.464953 0.487039 0.083708 0.098752
2 0.927507 0.469340 0.093720 0.090920
0 0.295495 0.855524 0.021463 0.114387
2 0.178626 0.373729 0.062632 0.074681
2 0.328486 0.369950 0.067603 0.079671
2 0.045758 0.429818 0.091407 0.111719
0 0.475868 0.929337 0.035795 0.141325
0 0.350334 0.843194 0.028809 0.125384
2 0.153049 0.101809 0.035768 0.037744
0 0.316873 0.850282 0.021202 0.111450
0 0.943246 0.400780 0.015247 0.057804
2 0.714405 0.340541 0.077121 0.072931
5 0.254192 0.342218 0.087844 0.146687
2 0.609311 0.310663 0.068997 0.056763
0 0.465853 0.957346 0.030288 0.085307
2 0.096045 0.141517 0.034214 0.036915
2 0.179354 0.302074 0.039516 0.045653
0 0.959465 0.407803 0.013501 0.076902
2 0.296650 0.161136 0.039904 0.045046
2 0.638695 0.343073 0.017427 0.038422
