2 0.605742 0.783805 0.133859 0.161275
2 0.751731 0.779100 0.140016 0.152992
2 0.461632 0.658167 0.094251 0.134509
2 0.369683 0.560627 0.088797 0.110368
2 0.845445 0.774154 0.138554 0.159271
2 0.810208 0.919851 0.173261 0.160298
2 0.932063 0.927442 0.135331 0.144021
2 0.222082 0.399272 0.060606 0.085328
4 0.795499 0.612628 0.409003 0.427631
2 0.440541 0.542148 0.072870 0.106909
2 0.169220 0.124722 0.036303 0.033941
2 0.869290 0.472388 0.109379 0.091055
2 0.544386 0.298388 0.065590 0.059386
0 0.191875 0.564107 0.019021 0.085788
2 0.505613 0.439315 0.077597 0.070282
2 0.045484 0.430236 0.090924 0.103983
2 0.242866 0.355105 0.077878 0.091605
5 0.578930 0.597480 0.229727 0.284014
2 0.319365 0.152833 0.043962 0.046020
0 0.948041 0.410458 0.015420 0.082482
0 0.025652 0.600643 0.016344 0.094460
2 0.408783 0.200572 0.048420 0.039670
0 0.908916 0.396765 0.011391 0.057198
4 0.580832 0.594934 0.231981 0.291193
2 0.688071 0.649032 0.046398 0.074610
2 0.265518 0.188338 0.050596 0.064580
0 0.009857 0.598676 0.017511 0.100625
2 0.365631 0.327513 0.058862 0.065631
4 0.679538 0.526449 0.176259 0.243704
0 0.005370 0.591110 0.010741 0.109805
0 0.929374 0.375999 0.010780 0.058439
0 0.965491 0.415364 0.016264 0.088213
2 0.285957 0.332528 0.063908 0.092047
0 0.061828 0.570931 0.012333 0.058258
