2 0.884854 0.520043 0.117097 0.093879
2 0.922609 0.654368 0.098416 0.113870
4 0.206792 0.362376 0.139465 0.187318
2 0.757605 0.502838 0.102395 0.090722
2 0.414309 0.372479 0.086034 0.098484
2 0.332347 0.369583 0.066669 0.078031
0 0.431808 0.488624 0.015976 0.080305
0 0.046434 0.540723 0.017006 0.083167
0 0.230584 0.638076 0.016164 0.088268
0 0.346235 0.786684 0.027977 0.109842
2 0.779066 0.445708 0.087926 0.079028
0 0.383221 0.527532 0.014001 0.081780
0 0.305943 0.507861 0.023425 0.088612
2 0.317980 0.153442 0.045867 0.042890
0 0.350983 0.518856 0.016094 0.091159
2 0.922677 0.449024 0.085701 0.093135
0 0.399960 0.565056 0.020964 0.089716
2 0.719685 0.387174 0.081574 0.062822
0 0.239557 0.504314 0.026716 0.079969
2 0.045589 0.432464 0.091153 0.102390
0 0.478983 0.500562 0.018229 0.083657
2 0.990020 0.727377 0.019168 0.075330
6 0.638244 0.344122 0.016331 0.036707
2 0.947687 0.392575 0.066478 0.059176
0 0.400137 0.499959 0.016224 0.063303
