4 0.643787 0.498004 0.258356 0.289606
2 0.592237 0.639697 0.115902 0.132368
2 0.944211 0.546765 0.110652 0.094474
2 0.735029 0.898413 0.140351 0.192619
2 0.541429 0.695004 0.123594 0.142598
2 0.228285 0.345863 0.059894 0.073205
2 0.393454 0.532423 0.077391 0.123100
5 0.905619 0.851334 0.187971 0.283845
0 0.102860 0.969006 0.020275 0.061987
2 0.441842 0.518639 0.089946 0.118780
2 0.274085 0.157210 0.039974 0.044800
2 0.045456 0.430447 0.090831 0.108064
2 0.446569 0.460076 0.096598 0.108875
2 0.378157 0.405069 0.067139 0.083285
2 0.419205 0.242727 0.042321 0.046069
2 0.219036 0.227540 0.045940 0.051678
2 0.389326 0.358040 0.080008 0.085270
2 0.111717 0.157352 0.039279 0.044717
2 0.589271 0.326983 0.069639 0.073180
2 0.316809 0.153709 0.040168 0.043382
2 0.924132 0.400457 0.080302 0.076672
2 0.480501 0.231736 0.036113 0.041555
2 0.456548 0.230338 0.033734 0.043751
5 0.928066 0.398694 0.088422 0.086668
6 0.118192 0.523061 0.014387 0.084841
