2 0.528005 0.611524 0.102749 0.119850
2 0.332514 0.518346 0.082923 0.108325
2 0.205629 0.494176 0.072696 0.099420
2 0.515235 0.445752 0.095521 0.108087
2 0.296496 0.397835 0.071743 0.103725
2 0.391543 0.413453 0.067873 0.087073
2 0.954476 0.403141 0.080315 0.066254
2 0.918823 0.797652 0.091671 0.155821
2 0.216313 0.388061 0.075240 0.107777
2 0.319230 0.153210 0.047442 0.042432
2 0.046518 0.431660 0.092768 0.102909
0 0.063606 0.478745 0.019970 0.084193
2 0.326284 0.367611 0.063984 0.075120
2 0.412672 0.361456 0.051761 0.072875
2 0.180774 0.308159 0.039166 0.045148
2 0.304694 0.292363 0.057093 0.059592
0 0.939910 0.313257 0.014801 0.059361
2 0.096765 0.233652 0.042727 0.063428
0 0.953402 0.313077 0.015419 0.058224
2 0.258080 0.310326 0.062056 0.073037
4 0.275542 0.096176 0.101569 0.082461
2 0.236212 0.228672 0.026802 0.028899
