2 0.913925 0.704292 0.153259 0.150220
2 0.846785 0.878452 0.162375 0.180466
2 0.775360 0.706594 0.144992 0.165157
2 0.346414 0.454981 0.086507 0.095721
2 0.647907 0.713398 0.128084 0.144285
2 0.476648 0.562115 0.103411 0.128042
2 0.548362 0.860537 0.157428 0.227420
2 0.537074 0.521362 0.098291 0.108700
2 0.476862 0.314076 0.068662 0.059606
2 0.847971 0.579132 0.137237 0.086300
2 0.603328 0.591448 0.111824 0.106538
2 0.776675 0.531945 0.090275 0.087915
2 0.948557 0.866357 0.102229 0.146790
0 0.380217 0.883731 0.021950 0.125137
2 0.629619 0.532904 0.109014 0.115868
2 0.387843 0.412747 0.073340 0.085112
2 0.210075 0.338608 0.059849 0.072559
2 0.271138 0.382889 0.067384 0.083283
2 0.734550 0.399947 0.088045 0.070532
2 0.246991 0.169730 0.047318 0.048846
2 0.045397 0.431426 0.090731 0.101456
2 0.319359 0.153269 0.047014 0.044053
2 0.790750 0.465431 0.098196 0.088687
2 0.489514 0.445652 0.102716 0.119694
0 0.153044 0.537824 0.017949 0.090282
2 0.291637 0.331132 0.056420 0.069002
0 0.917084 0.338737 0.015102 0.060804
0 0.094084 0.615650 0.025583 0.113078
0 0.088307 0.578458 0.021745 0.090956
2 0.989559 0.981245 0.020072 0.033994
2 0.533492 0.262098 0.042820 0.045312
2 0.638868 0.341023 0.018972 0.043275
2 0.217100 0.127812 0.032275 0.030616
2 0.607609 0.318406 0.045605 0.052475
0 0.937909 0.310652 0.010541 0.046351
