2 0.855881 0.883625 0.174338 0.180971
2 0.655035 0.715370 0.136101 0.170937
2 0.753613 0.673491 0.142114 0.129425
2 0.505213 0.590684 0.115784 0.127620
2 0.409312 0.499692 0.083660 0.099640
2 0.537663 0.530703 0.094473 0.106819
2 0.308988 0.425548 0.074971 0.085528
2 0.967669 0.880690 0.064046 0.120869
2 0.208447 0.390760 0.064818 0.083331
2 0.567780 0.314362 0.059785 0.056642
2 0.045642 0.434555 0.091285 0.096592
0 0.177250 0.523871 0.014383 0.084833
0 0.058735 0.580997 0.016763 0.094233
2 0.252121 0.186698 0.044469 0.041056
2 0.444773 0.219462 0.049255 0.041533
2 0.274987 0.158452 0.045422 0.043860
2 0.322728 0.151810 0.042505 0.047933
2 0.385470 0.191431 0.043259 0.037809
2 0.127624 0.395177 0.052975 0.072146
0 0.920063 0.408746 0.012599 0.067315
