2 0.885825 0.904124 0.181629 0.182803
2 0.670251 0.728151 0.138572 0.177338
2 0.875215 0.746783 0.160882 0.153467
2 0.308776 0.426025 0.075316 0.082924
2 0.522820 0.608731 0.119789 0.125684
2 0.440455 0.528741 0.087158 0.109271
2 0.212929 0.395907 0.065033 0.080869
2 0.385278 0.373384 0.071706 0.090584
0 0.031546 0.553182 0.018944 0.081765
0 0.223249 0.518636 0.016778 0.091032
4 0.485023 0.172805 0.116940 0.109037
2 0.972399 0.900174 0.054479 0.144933
0 0.190037 0.524918 0.015901 0.073003
2 0.045381 0.432030 0.090763 0.102575
2 0.157040 0.181504 0.037756 0.051662
2 0.154563 0.414535 0.049769 0.083971
0 0.920356 0.410211 0.013102 0.066077
0 0.939306 0.410791 0.014603 0.073453
0 0.260599 0.509280 0.017614 0.078959
2 0.445417 0.219684 0.052237 0.040897
2 0.109029 0.105043 0.033633 0.029621
2 0.123482 0.210157 0.051411 0.050151
2 0.342480 0.189314 0.040926 0.041459
0 0.910304 0.320653 0.014194 0.058191
2 0.384511 0.188510 0.037210 0.034085
