2 0.886810 0.905777 0.182240 0.183992
2 0.686679 0.742290 0.142544 0.179820
2 0.872541 0.758647 0.155102 0.177459
2 0.523060 0.608753 0.118355 0.125431
2 0.308326 0.425348 0.074024 0.084682
2 0.212463 0.395734 0.066158 0.081250
2 0.441705 0.530730 0.088156 0.108460
2 0.405567 0.366443 0.074043 0.088038
2 0.807334 0.513379 0.127718 0.090588
2 0.970643 0.572242 0.058149 0.067538
2 0.941579 0.487579 0.096393 0.081412
2 0.045363 0.432156 0.090680 0.104307
2 0.972962 0.901316 0.053354 0.146641
2 0.151884 0.415917 0.056865 0.084181
2 0.859206 0.491165 0.098955 0.078365
2 0.329205 0.367755 0.067971 0.076820
2 0.241175 0.347588 0.058816 0.075732
2 0.195963 0.318839 0.035785 0.044487
2 0.444828 0.219709 0.051493 0.042519
0 0.504840 0.464273 0.012505 0.079776
2 0.170774 0.355472 0.041551 0.043392
2 0.318163 0.153742 0.043269 0.041930
2 0.382537 0.188652 0.040482 0.037273
0 0.621144 0.448606 0.018988 0.074296
6 0.637983 0.343937 0.017193 0.036036
2 0.149976 0.223798 0.043360 0.059238
5 0.318828 0.152889 0.048436 0.047525
2 0.166361 0.344202 0.050809 0.071903
