4 0.864701 0.623494 0.269813 0.308897
2 0.579669 0.504091 0.101169 0.096641
2 0.332650 0.369391 0.068267 0.077460
2 0.489566 0.430831 0.066071 0.085675
0 0.056729 0.557318 0.019302 0.098769
2 0.560498 0.307821 0.077680 0.061626
2 0.977056 0.824840 0.045322 0.134510
0 0.091423 0.643174 0.019950 0.100328
0 0.030773 0.563833 0.019711 0.101424
2 0.661368 0.390459 0.096328 0.081757
2 0.318291 0.153838 0.044083 0.043165
2 0.045406 0.432377 0.090812 0.106432
0 0.835121 0.405647 0.015653 0.069460
2 0.711934 0.551080 0.061851 0.087541
4 0.182884 0.344445 0.092519 0.146902
2 0.241234 0.163524 0.034764 0.044643
2 0.144688 0.112280 0.033638 0.035649
0 0.151553 0.513054 0.024005 0.103459
2 0.922926 0.398546 0.059790 0.063426
2 0.104639 0.071610 0.019631 0.026829
2 0.169070 0.103694 0.016998 0.028234
2 0.101649 0.179570 0.035270 0.051218
