2 0.738834 0.782575 0.140006 0.158300
2 0.865265 0.792690 0.150044 0.165283
2 0.492943 0.490578 0.095962 0.099159
2 0.397740 0.495108 0.091524 0.114093
2 0.849097 0.580686 0.134721 0.086113
2 0.573159 0.564670 0.099248 0.109181
2 0.776390 0.532262 0.091220 0.085409
2 0.547802 0.621819 0.108717 0.120764
2 0.955584 0.501337 0.088063 0.076677
0 0.154154 0.647686 0.019031 0.110001
2 0.712121 0.654349 0.127559 0.140801
2 0.609394 0.767576 0.131377 0.189088
2 0.237479 0.358107 0.064397 0.075292
2 0.966252 0.742163 0.066982 0.145241
2 0.678670 0.406386 0.090376 0.077775
2 0.302147 0.415770 0.081287 0.085867
2 0.668309 0.558869 0.101798 0.107618
0 0.177932 0.682876 0.022617 0.109086
2 0.951843 0.947348 0.095173 0.100465
0 0.373751 0.939824 0.027016 0.119320
2 0.045538 0.431078 0.090992 0.104485
2 0.338247 0.368831 0.064834 0.075294
2 0.184202 0.316882 0.051851 0.067413
2 0.276611 0.325766 0.056703 0.074485
2 0.222129 0.127425 0.033106 0.034990
2 0.468158 0.409055 0.066014 0.089230
2 0.953415 0.403141 0.079478 0.064550
2 0.775575 0.388263 0.072699 0.069662
2 0.185569 0.142763 0.039307 0.041440
2 0.409063 0.402716 0.066731 0.118042
2 0.317825 0.153820 0.043622 0.043077
0 0.154078 0.536555 0.015616 0.083759
2 0.343441 0.323032 0.073907 0.073160
5 0.324356 0.173350 0.058493 0.085384
