2 0.672470 0.874472 0.149554 0.188684
4 0.904175 0.659527 0.189893 0.259595
5 0.732528 0.735569 0.275169 0.353007
2 0.547793 0.623298 0.105215 0.133262
2 0.288754 0.395390 0.083599 0.107779
2 0.224523 0.402104 0.060511 0.082143
2 0.731708 0.384976 0.084743 0.064758
2 0.930236 0.928915 0.138364 0.142171
2 0.045426 0.430674 0.090804 0.107399
2 0.951610 0.850271 0.095831 0.108486
2 0.842079 0.548551 0.114861 0.104298
2 0.830937 0.957030 0.135344 0.084671
2 0.196618 0.117767 0.036062 0.035535
0 0.045714 0.602989 0.021426 0.095761
0 0.029006 0.598497 0.019111 0.093415
2 0.338235 0.377651 0.058790 0.075715
0 0.192745 0.544100 0.024849 0.092425
4 0.367820 0.313625 0.155719 0.176137
2 0.962289 0.519366 0.074886 0.086645
2 0.320274 0.152610 0.042286 0.046821
2 0.278833 0.176574 0.051039 0.061898
0 0.053248 0.577460 0.013087 0.072316
2 0.105680 0.097258 0.032014 0.030269
5 0.551348 0.520057 0.087229 0.140199
0 0.903977 0.400400 0.010167 0.061779
0 0.963144 0.415713 0.013305 0.081365
0 0.946193 0.413627 0.014299 0.074658
0 0.921439 0.409910 0.013394 0.071138
2 0.243069 0.337221 0.053158 0.057907
0 0.941182 0.411991 0.016176 0.075741
