4 0.379929 0.507087 0.224536 0.294902
2 0.527584 0.523123 0.083443 0.108748
2 0.526065 0.453765 0.097793 0.102071
2 0.218743 0.338649 0.056878 0.077216
2 0.936128 0.397766 0.087081 0.071537
2 0.401673 0.374392 0.073415 0.079232
0 0.393643 0.835498 0.026046 0.146339
2 0.045883 0.427890 0.090484 0.097728
0 0.291652 0.845901 0.024267 0.117893
0 0.234201 0.672582 0.026468 0.128886
0 0.340161 0.859452 0.022958 0.123473
0 0.436991 0.915711 0.034847 0.122966
2 0.181803 0.131213 0.030876 0.039698
0 0.360161 0.925641 0.024860 0.117233
0 0.011671 0.480331 0.018131 0.075006
2 0.294689 0.173008 0.043453 0.040931
2 0.307323 0.293351 0.039558 0.051884
0 0.186066 0.681590 0.033008 0.126740
2 0.317252 0.154864 0.047175 0.040553
0 0.364962 0.844096 0.026056 0.120816
2 0.236348 0.295257 0.056266 0.059596
2 0.306119 0.166088 0.064102 0.043342
0 0.139402 0.630608 0.019905 0.101823
0 0.091691 0.612736 0.021221 0.089839
2 0.176418 0.301537 0.037792 0.046143
6 0.638136 0.343928 0.016858 0.037106
