2 0.933250 0.595424 0.132772 0.102453
4 0.206055 0.362708 0.139548 0.189576
2 0.838610 0.533944 0.104811 0.081808
2 0.331866 0.369574 0.067756 0.079149
2 0.894302 0.916746 0.160986 0.160835
2 0.413027 0.373531 0.088514 0.098567
0 0.630302 0.449510 0.018224 0.097002
2 0.191773 0.113754 0.038356 0.038356
2 0.045429 0.430278 0.090645 0.104983
2 0.897005 0.498224 0.069761 0.079855
0 0.340153 0.782004 0.025710 0.113000
2 0.318914 0.155073 0.044889 0.041828
0 0.655920 0.447362 0.014449 0.074720
2 0.936400 0.400221 0.087822 0.069260
0 0.555235 0.455303 0.022455 0.077252
2 0.218429 0.229483 0.049230 0.054754
0 0.732738 0.453151 0.017557 0.075499
0 0.805709 0.446865 0.019903 0.076953
0 0.747696 0.433266 0.017266 0.083481
0 0.697248 0.435332 0.020012 0.071605
0 0.771700 0.434092 0.014988 0.073244
2 0.983580 0.555907 0.031994 0.046612
6 0.637401 0.344377 0.017009 0.037339
0 0.590702 0.465412 0.013675 0.071477
0 0.703280 0.438329 0.013881 0.068411
