4 0.206411 0.362198 0.138592 0.189216
2 0.413394 0.372135 0.089195 0.098317
2 0.931912 0.596439 0.135432 0.103650
2 0.332025 0.369704 0.067828 0.078384
2 0.947111 0.890152 0.104956 0.164376
2 0.839830 0.535262 0.106262 0.080873
0 0.347005 0.783715 0.024904 0.110337
2 0.045404 0.430611 0.090480 0.104601
2 0.318783 0.153324 0.045488 0.043970
2 0.952825 0.719405 0.081134 0.141287
2 0.936262 0.399025 0.088875 0.069016
2 0.897042 0.498567 0.070166 0.081381
0 0.498839 0.482646 0.016845 0.077125
0 0.775847 0.406311 0.016067 0.068161
0 0.826640 0.441182 0.014394 0.064660
0 0.402427 0.516498 0.019867 0.080023
0 0.654917 0.451969 0.012624 0.068579
0 0.619753 0.462376 0.016598 0.081783
0 0.666419 0.472916 0.018109 0.051482
0 0.386977 0.479228 0.013934 0.087755
2 0.241164 0.240115 0.046946 0.042336
0 0.544103 0.463750 0.017265 0.077444
6 0.638239 0.344589 0.016852 0.038030
2 0.283328 0.380490 0.024163 0.054133
