2 0.915053 0.919669 0.169895 0.160662
2 0.708586 0.760225 0.147170 0.183772
2 0.882555 0.763956 0.155572 0.178847
2 0.441036 0.530897 0.087146 0.108524
2 0.523232 0.608556 0.118859 0.126731
2 0.308540 0.425507 0.073968 0.085058
2 0.211382 0.396136 0.069851 0.080078
5 0.549798 0.285405 0.089200 0.103654
2 0.405923 0.366098 0.075027 0.087975
0 0.195269 0.541338 0.023951 0.080703
2 0.451877 0.309128 0.066643 0.056887
2 0.045343 0.432051 0.090338 0.103518
2 0.812674 0.476293 0.120590 0.109766
0 0.223410 0.518663 0.018301 0.077061
2 0.240811 0.347121 0.059778 0.081443
2 0.974417 0.885373 0.050539 0.114597
2 0.151325 0.416144 0.057152 0.083252
2 0.864712 0.446728 0.092118 0.085557
0 0.966172 0.409168 0.023074 0.089448
2 0.217574 0.146333 0.037507 0.038613
2 0.328624 0.368297 0.072851 0.077072
2 0.169681 0.348528 0.060672 0.074198
0 0.941677 0.402667 0.016611 0.079343
2 0.326465 0.324342 0.058657 0.068319
0 0.947164 0.334276 0.024627 0.099219
2 0.264256 0.306768 0.061266 0.070229
