2 0.958518 0.925834 0.082359 0.144771
2 0.683076 0.442975 0.098076 0.091577
2 0.872458 0.499692 0.121416 0.093603
2 0.288882 0.394391 0.082960 0.108838
2 0.224850 0.402924 0.060409 0.084152
2 0.962422 0.574568 0.074600 0.085686
4 0.657449 0.277740 0.143298 0.148046
2 0.045478 0.431296 0.090907 0.107566
0 0.421803 0.484890 0.016517 0.078368
0 0.471735 0.465857 0.014239 0.082015
0 0.041133 0.601459 0.018995 0.103149
0 0.767570 0.425966 0.016293 0.069610
4 0.378321 0.333568 0.147568 0.151490
0 0.386018 0.500735 0.031219 0.090034
0 0.057755 0.593228 0.016799 0.106600
2 0.339321 0.378311 0.057638 0.070821
2 0.155915 0.344963 0.035748 0.062519
2 0.321681 0.154182 0.051555 0.048137
0 0.802180 0.428935 0.014322 0.076470
0 0.024453 0.596857 0.017396 0.096403
0 0.940034 0.419072 0.012936 0.069358
0 0.511194 0.503003 0.018709 0.078095
4 0.252303 0.207659 0.117460 0.111248
0 0.487980 0.490876 0.014864 0.073185
0 0.954926 0.415087 0.011496 0.076115
2 0.105541 0.244547 0.038908 0.061190
