4 0.820706 0.608219 0.352533 0.341122
2 0.583598 0.504824 0.098913 0.100143
2 0.663281 0.668342 0.111449 0.136427
2 0.724653 0.396745 0.083867 0.069890
0 0.446387 0.948905 0.028717 0.102190
2 0.492833 0.511748 0.091629 0.106414
0 0.477770 0.943484 0.028867 0.113031
0 0.237620 0.760355 0.026415 0.120294
2 0.496478 0.310117 0.074119 0.060649
2 0.265802 0.174875 0.046926 0.043748
0 0.269657 0.758064 0.026317 0.112828
2 0.180014 0.310798 0.053093 0.053247
2 0.485104 0.428392 0.080896 0.080700
5 0.367660 0.423629 0.145980 0.235199
2 0.564902 0.374721 0.084776 0.073033
2 0.045468 0.429972 0.090703 0.103442
2 0.460634 0.222565 0.050372 0.043142
2 0.196125 0.248362 0.044954 0.028750
2 0.397251 0.354459 0.041022 0.065849
2 0.156022 0.116877 0.032511 0.038810
2 0.927842 0.403092 0.071136 0.075760
2 0.368760 0.206416 0.042896 0.042029
6 0.118749 0.529930 0.013907 0.072341
0 0.978594 0.400332 0.013210 0.076340
0 0.869851 0.392311 0.011760 0.067985
0 0.953858 0.419919 0.016128 0.072576
0 0.993401 0.407304 0.012520 0.075154
