4 0.807272 0.812749 0.385275 0.372759
2 0.380306 0.486960 0.084038 0.096512
4 0.894068 0.412881 0.210469 0.218081
2 0.582360 0.565495 0.116560 0.144708
2 0.882799 0.667625 0.165909 0.163759
2 0.255474 0.371814 0.063724 0.077219
2 0.759478 0.422127 0.085876 0.079307
2 0.444420 0.403099 0.075292 0.078676
0 0.050951 0.530910 0.015608 0.089606
2 0.367712 0.403786 0.069137 0.074396
2 0.318022 0.153269 0.045707 0.042372
0 0.367806 0.964477 0.026863 0.071046
2 0.045746 0.432534 0.091437 0.110949
2 0.612522 0.523257 0.100820 0.098614
0 0.130981 0.639850 0.017830 0.092913
0 0.487430 0.961160 0.031651 0.077681
0 0.258283 0.776236 0.028766 0.116035
0 0.416235 0.976228 0.028153 0.047544
2 0.292902 0.291903 0.061535 0.052898
0 0.495991 0.950471 0.018456 0.099048
0 0.454488 0.968848 0.036319 0.062305
0 0.228152 0.678377 0.020712 0.077287
2 0.097545 0.188931 0.037376 0.049222
0 0.167418 0.649798 0.026873 0.126986
2 0.128398 0.091123 0.024347 0.027982
2 0.465732 0.224882 0.055589 0.051221
0 0.240587 0.728779 0.018939 0.090986
6 0.638284 0.343821 0.017038 0.036811
0 0.168411 0.621089 0.021586 0.074269
