2 0.603480 0.798926 0.182373 0.149770
2 0.921536 0.852645 0.156370 0.199737
2 0.687309 0.421104 0.084255 0.077744
2 0.195906 0.903636 0.236555 0.180489
2 0.572644 0.394033 0.080279 0.073666
2 0.866897 0.531700 0.126302 0.089407
2 0.991386 0.612137 0.016602 0.068439
2 0.420019 0.373525 0.089987 0.098483
2 0.205565 0.395340 0.066818 0.079191
2 0.320767 0.152997 0.044997 0.044914
2 0.046422 0.432541 0.092763 0.102481
2 0.264907 0.391271 0.065963 0.079232
2 0.849822 0.973698 0.147674 0.052604
2 0.362031 0.389980 0.062190 0.083651
2 0.982813 0.961966 0.033942 0.076067
2 0.306122 0.356612 0.064129 0.075089
0 0.562527 0.478954 0.020910 0.080506
2 0.141970 0.406168 0.060451 0.083502
2 0.986203 0.531045 0.026802 0.063743
2 0.964134 0.487559 0.071027 0.064379
2 0.980308 0.615200 0.038554 0.074943
2 0.876761 0.479051 0.107149 0.077552
2 0.233096 0.322591 0.054976 0.051719
0 0.781426 0.417752 0.012317 0.058248
2 0.936972 0.399635 0.043004 0.061116
0 0.340541 0.508192 0.024538 0.091584
2 0.157452 0.185745 0.039025 0.047258
