2 0.788960 0.477577 0.112708 0.085241
2 0.926337 0.866563 0.146605 0.201186
2 0.934508 0.728553 0.129924 0.124218
2 0.418522 0.373083 0.090679 0.101247
2 0.699212 0.398997 0.085659 0.079833
2 0.568487 0.352608 0.082121 0.073913
0 0.357341 0.519893 0.026136 0.085501
2 0.046046 0.431424 0.091887 0.104788
2 0.265799 0.393338 0.064520 0.078190
2 0.361642 0.388468 0.062801 0.084285
2 0.321094 0.153246 0.043391 0.043308
2 0.257605 0.169167 0.043186 0.042931
2 0.850676 0.971346 0.147122 0.056441
2 0.298766 0.217002 0.050868 0.045452
2 0.205092 0.394561 0.066630 0.081716
2 0.438615 0.246895 0.053605 0.047772
2 0.306519 0.356832 0.066218 0.077360
2 0.981949 0.964637 0.035234 0.070726
2 0.141484 0.406832 0.061415 0.086537
2 0.937137 0.403914 0.045118 0.059217
2 0.232917 0.326873 0.061695 0.061214
5 0.454942 0.309383 0.054450 0.070222
2 0.455210 0.308759 0.053513 0.070903
2 0.173799 0.142532 0.030990 0.034774
