4 0.571741 0.673019 0.311645 0.402105
2 0.780049 0.680213 0.138827 0.137025
4 0.946781 0.438356 0.105380 0.164818
2 0.662825 0.546592 0.125399 0.132644
2 0.430026 0.442895 0.089865 0.098074
2 0.373865 0.347064 0.063524 0.066942
2 0.272729 0.391602 0.066482 0.085199
2 0.489960 0.438392 0.084707 0.090396
0 0.325786 0.912187 0.025693 0.115066
2 0.318051 0.153196 0.045213 0.042189
0 0.377977 0.934161 0.034868 0.127312
2 0.198304 0.320799 0.057864 0.069216
2 0.197685 0.125811 0.036771 0.032382
0 0.483566 0.960134 0.034437 0.079732
2 0.045371 0.431598 0.090743 0.088078
0 0.033905 0.509021 0.016118 0.084882
2 0.289130 0.339686 0.058310 0.065028
0 0.409695 0.927096 0.029503 0.140747
0 0.433913 0.916810 0.028412 0.137064
2 0.100775 0.083173 0.024396 0.031804
0 0.231949 0.654317 0.021463 0.096440
0 0.138855 0.634981 0.018012 0.095367
0 0.121724 0.638859 0.021206 0.093311
0 0.217219 0.757102 0.025818 0.068998
0 0.447418 0.868335 0.024887 0.082111
2 0.253517 0.244098 0.047844 0.039174
6 0.638195 0.343892 0.017086 0.037225
0 0.194931 0.694653 0.020930 0.108767
