2 0.224563 0.402690 0.061135 0.084091
2 0.855636 0.475583 0.112811 0.108202
2 0.288463 0.393835 0.083823 0.109597
5 0.943943 0.855744 0.111034 0.245393
0 0.746149 0.450426 0.016066 0.071127
2 0.045478 0.430421 0.090942 0.105735
0 0.045818 0.609024 0.021605 0.084110
0 0.029173 0.600180 0.018871 0.092109
0 0.066242 0.585870 0.018554 0.097350
2 0.338328 0.377636 0.058839 0.071938
4 0.376043 0.333957 0.152705 0.150580
2 0.320199 0.153879 0.048274 0.048722
0 0.981267 0.408970 0.013357 0.066421
4 0.206492 0.189155 0.116811 0.121851
0 0.599284 0.459252 0.017576 0.080532
2 0.263018 0.331528 0.094260 0.068636
0 0.969874 0.406986 0.013112 0.069002
0 0.616280 0.445266 0.016261 0.072586
0 0.569976 0.201010 0.017472 0.056693
0 0.658196 0.452893 0.013229 0.068571
0 0.642342 0.441835 0.015192 0.078867
