2 0.408671 0.596115 0.105557 0.121701
2 0.534243 0.687465 0.119736 0.161255
2 0.943713 0.885912 0.111741 0.186791
2 0.181119 0.372444 0.061740 0.074786
2 0.763363 0.595878 0.145741 0.153499
2 0.846957 0.865610 0.159731 0.178494
2 0.890528 0.490235 0.109816 0.085922
2 0.789751 0.725659 0.140821 0.132630
2 0.252320 0.146430 0.040113 0.036706
2 0.848833 0.944966 0.156595 0.086700
0 0.229703 0.744897 0.021015 0.104345
0 0.090678 0.719526 0.032391 0.098865
0 0.208578 0.748084 0.022598 0.103284
0 0.278534 0.701469 0.026020 0.108858
0 0.041524 0.595284 0.017894 0.092855
2 0.045451 0.430805 0.090886 0.104472
2 0.290305 0.479183 0.067787 0.097360
2 0.186657 0.131478 0.036261 0.038291
5 0.680456 0.774667 0.131077 0.241436
2 0.665847 0.632155 0.110229 0.119872
2 0.591771 0.350523 0.075235 0.068150
2 0.508872 0.509940 0.037523 0.057709
0 0.948712 0.415619 0.014864 0.074476
2 0.403498 0.214890 0.052437 0.053300
2 0.165733 0.098854 0.035018 0.029708
2 0.125572 0.164371 0.028073 0.042850
0 0.962428 0.415351 0.011865 0.076898
0 0.954960 0.416052 0.017894 0.079924
0 0.909154 0.395297 0.011914 0.061062
5 0.426758 0.473548 0.180837 0.226860
2 0.111107 0.162923 0.020573 0.045804
2 0.640765 0.665299 0.142438 0.133217
2 0.987601 0.619775 0.024048 0.041227
0 0.057361 0.568854 0.013507 0.055763
2 0.239471 0.228297 0.027155 0.024341
2 0.298905 0.407965 0.070165 0.086336
5 0.315462 0.172771 0.049127 0.075731
2 0.638038 0.344690 0.018804 0.039135
0 0.057127 0.588868 0.015844 0.095959
