2 0.840098 0.481987 0.105812 0.085612
2 0.677780 0.404840 0.075939 0.072773
2 0.288812 0.395391 0.083553 0.107991
2 0.224331 0.403152 0.061922 0.083025
0 0.066595 0.532443 0.015147 0.089939
0 0.211108 0.712691 0.020718 0.103935
0 0.181564 0.720716 0.021221 0.106766
2 0.501271 0.286229 0.062893 0.055808
0 0.193105 0.579690 0.019208 0.086497
2 0.630035 0.350739 0.060911 0.064344
0 0.006039 0.596180 0.011839 0.107304
0 0.239002 0.678840 0.029985 0.146599
2 0.870715 0.966232 0.172305 0.060790
2 0.178913 0.126380 0.037671 0.033723
2 0.338060 0.378208 0.059892 0.071006
2 0.045576 0.432230 0.091151 0.107084
0 0.954980 0.416829 0.017680 0.077902
2 0.320375 0.153528 0.047243 0.045234
2 0.168774 0.364500 0.053289 0.071319
0 0.234696 0.703348 0.023633 0.106724
4 0.391733 0.333664 0.121826 0.151262
0 0.942470 0.396519 0.013013 0.084094
2 0.515219 0.286432 0.032409 0.050962
5 0.167447 0.361526 0.056545 0.082649
