2 0.888028 0.906833 0.182378 0.180944
2 0.558422 0.779822 0.097063 0.156729
2 0.708197 0.760975 0.146325 0.182902
2 0.873125 0.759272 0.154545 0.176364
2 0.523098 0.609499 0.118878 0.125580
2 0.308671 0.425399 0.074185 0.085735
2 0.441628 0.530835 0.085529 0.110408
2 0.860995 0.521028 0.125471 0.088801
2 0.211580 0.395942 0.068259 0.081091
2 0.784015 0.421468 0.092322 0.071609
2 0.405701 0.365948 0.075461 0.091499
2 0.435846 0.306578 0.063382 0.057941
2 0.972992 0.901214 0.053302 0.145475
2 0.154446 0.416286 0.060280 0.085201
2 0.045430 0.431228 0.090608 0.101497
2 0.240469 0.346925 0.059457 0.081479
0 0.894349 0.411813 0.015341 0.065438
0 0.379386 0.490210 0.019144 0.070899
2 0.382851 0.189129 0.039656 0.039291
5 0.318865 0.152522 0.045827 0.046743
2 0.328662 0.368357 0.073008 0.076686
2 0.170413 0.354241 0.041993 0.044691
2 0.195317 0.308364 0.036241 0.064640
2 0.445412 0.218600 0.049085 0.044109
2 0.588200 0.356739 0.070353 0.065394
2 0.326368 0.324450 0.057735 0.066926
5 0.157234 0.227870 0.066134 0.076076
2 0.166474 0.343107 0.052011 0.074171
0 0.194787 0.483312 0.021817 0.083372
5 0.959571 0.482765 0.080322 0.122676
