2 0.886719 0.905472 0.182500 0.185087
2 0.686546 0.742601 0.142365 0.179163
2 0.872405 0.759464 0.154603 0.177903
2 0.440998 0.531135 0.086928 0.108579
2 0.523127 0.608359 0.118541 0.125409
2 0.308582 0.425259 0.073712 0.085316
2 0.212116 0.395766 0.066814 0.080918
2 0.789137 0.507708 0.120082 0.087992
2 0.984085 0.716090 0.031376 0.076926
2 0.857088 0.493053 0.100871 0.083653
2 0.405523 0.366534 0.074569 0.087739
2 0.968282 0.566467 0.062657 0.076451
2 0.943820 0.486423 0.093486 0.080709
2 0.972428 0.902595 0.054552 0.147552
2 0.159032 0.235862 0.046270 0.057557
2 0.045407 0.431146 0.090612 0.103436
2 0.153405 0.415857 0.053738 0.083806
2 0.240199 0.348284 0.059358 0.080007
0 0.568470 0.458636 0.015515 0.071199
2 0.194781 0.310597 0.037592 0.061901
6 0.638161 0.343932 0.017350 0.037064
2 0.445026 0.219864 0.051407 0.042714
2 0.328673 0.368546 0.072998 0.076656
2 0.170270 0.354199 0.042502 0.045593
2 0.327033 0.324896 0.058001 0.066520
0 0.719844 0.443526 0.016761 0.074180
2 0.382913 0.188633 0.040135 0.037892
5 0.318841 0.152355 0.046344 0.045343
4 0.464113 0.164449 0.113216 0.106402
2 0.318902 0.153112 0.044430 0.043025
0 0.705145 0.440982 0.015490 0.071684
