2 0.555597 0.913736 0.201405 0.167499
2 0.839336 0.411618 0.097654 0.070165
2 0.289190 0.394734 0.083958 0.107634
2 0.224564 0.403518 0.061351 0.083862
0 0.065028 0.497062 0.017630 0.088704
4 0.387034 0.334375 0.148121 0.158410
0 0.302885 0.774178 0.019487 0.118344
0 0.282233 0.775412 0.020754 0.103196
0 0.389927 0.812346 0.028506 0.159078
2 0.561949 0.305571 0.064917 0.057525
0 0.262548 0.780942 0.022415 0.104977
2 0.046277 0.432247 0.092294 0.104462
2 0.167261 0.361367 0.055732 0.081187
2 0.729764 0.342110 0.080743 0.070211
0 0.961345 0.412295 0.015917 0.084335
2 0.337212 0.377315 0.060878 0.074095
0 0.940963 0.405932 0.015537 0.072265
2 0.318202 0.152419 0.046119 0.043365
2 0.175460 0.234785 0.045536 0.055372
5 0.253542 0.207360 0.111117 0.110985
2 0.226550 0.135802 0.035106 0.032990
2 0.278419 0.314257 0.048566 0.035940
