2 0.886830 0.905822 0.182454 0.183931
2 0.686782 0.742225 0.142551 0.179720
2 0.872555 0.759072 0.154493 0.176699
2 0.522741 0.608179 0.118875 0.125585
2 0.441675 0.530782 0.088258 0.108881
2 0.308313 0.425045 0.073891 0.085286
2 0.817550 0.520677 0.124048 0.087476
2 0.212739 0.395500 0.065361 0.081285
2 0.405358 0.366302 0.074151 0.087933
2 0.939856 0.486729 0.096071 0.077866
2 0.045524 0.431739 0.090772 0.102924
2 0.980645 0.582488 0.038088 0.064489
2 0.150840 0.415517 0.059384 0.084966
2 0.972990 0.901385 0.053304 0.146288
0 0.733899 0.440129 0.016965 0.073380
2 0.855094 0.490743 0.107441 0.079638
2 0.166478 0.347244 0.044223 0.059388
2 0.326586 0.367983 0.074964 0.075741
2 0.444859 0.219943 0.051545 0.043001
0 0.683015 0.444825 0.016816 0.063958
2 0.195186 0.316764 0.037158 0.051543
0 0.578822 0.450075 0.017466 0.073051
0 0.699768 0.438938 0.016197 0.064686
2 0.131372 0.116121 0.022974 0.034156
2 0.383203 0.190507 0.039912 0.037383
2 0.318541 0.153499 0.043590 0.042462
2 0.843322 0.468429 0.094963 0.038190
2 0.173498 0.246223 0.039124 0.049700
4 0.465252 0.164358 0.115157 0.107115
2 0.242587 0.345463 0.061351 0.078931
0 0.607285 0.458338 0.012138 0.067410
0 0.620765 0.465583 0.015182 0.067775
2 0.129212 0.208031 0.029345 0.040488
5 0.318865 0.152734 0.048110 0.047748
