2 0.395629 0.356464 0.075730 0.089814
4 0.206856 0.361671 0.140197 0.192594
2 0.837829 0.534234 0.107979 0.081521
0 0.445406 0.478618 0.023850 0.086847
2 0.332297 0.368772 0.066169 0.080505
0 0.805427 0.430621 0.015572 0.073521
0 0.237534 0.754630 0.028288 0.106243
2 0.045617 0.429715 0.091019 0.108572
0 0.729220 0.430462 0.011689 0.063329
0 0.412679 0.512099 0.022035 0.075044
2 0.897804 0.498520 0.070884 0.083946
0 0.698559 0.428125 0.015791 0.081157
2 0.157371 0.186496 0.041199 0.047753
2 0.409846 0.199643 0.054977 0.043634
2 0.082249 0.180137 0.033078 0.043765
2 0.319021 0.153515 0.045746 0.040718
0 0.845518 0.419733 0.017913 0.065251
2 0.173651 0.102630 0.036307 0.030195
0 0.903512 0.336254 0.013925 0.051199
2 0.939972 0.393829 0.076204 0.064122
2 0.100409 0.082821 0.029258 0.033277
2 0.278104 0.316600 0.056667 0.085233
0 0.931878 0.428920 0.015982 0.064695
0 0.890798 0.417069 0.015167 0.067548
2 0.321397 0.173501 0.051855 0.079296
6 0.638400 0.344179 0.016786 0.036937
