2 0.886790 0.905682 0.182418 0.183170
2 0.686833 0.742154 0.142741 0.179807
2 0.872543 0.758975 0.154510 0.176655
2 0.442248 0.530521 0.089443 0.107736
2 0.522847 0.608527 0.117628 0.125293
2 0.212988 0.395029 0.064659 0.082355
2 0.308319 0.424712 0.073674 0.085627
2 0.817006 0.519748 0.128435 0.090500
2 0.405265 0.366237 0.073991 0.088102
2 0.939781 0.487133 0.093382 0.078690
0 0.479421 0.473218 0.017680 0.080165
2 0.045364 0.431596 0.090695 0.104247
0 0.736099 0.434891 0.014413 0.066525
0 0.758710 0.431883 0.015726 0.066326
2 0.207750 0.163536 0.034970 0.043105
2 0.972904 0.898594 0.053460 0.140197
2 0.151533 0.416135 0.057964 0.084944
2 0.855698 0.490817 0.105586 0.079317
2 0.157720 0.330352 0.040884 0.066660
2 0.329029 0.367859 0.068409 0.070955
2 0.189464 0.307359 0.040298 0.055534
2 0.240394 0.348230 0.063010 0.076568
2 0.444864 0.219697 0.051616 0.042956
0 0.644670 0.444785 0.019185 0.084266
2 0.195741 0.229563 0.044783 0.060326
2 0.382925 0.187445 0.040541 0.037371
6 0.638453 0.343133 0.017494 0.036536
2 0.318644 0.153534 0.043843 0.042645
2 0.841260 0.468065 0.090162 0.036829
2 0.129411 0.212433 0.035073 0.046522
