2 0.791454 0.835868 0.158092 0.177863
2 0.490094 0.581254 0.110125 0.119576
2 0.935033 0.852032 0.129161 0.166154
2 0.622457 0.689298 0.129702 0.162050
2 0.561547 0.552122 0.110140 0.104067
2 0.309259 0.425984 0.074602 0.085343
2 0.872313 0.694831 0.130477 0.170327
2 0.687624 0.387632 0.064770 0.068618
2 0.408637 0.496242 0.086557 0.100064
2 0.933846 0.686193 0.130180 0.147283
2 0.175029 0.355697 0.057066 0.077931
2 0.441337 0.452521 0.081365 0.089149
2 0.045876 0.433949 0.091378 0.094638
2 0.968012 0.965779 0.063280 0.068443
4 0.590431 0.227999 0.102715 0.137957
2 0.410726 0.226347 0.054983 0.049395
2 0.086375 0.350447 0.032164 0.050035
2 0.355494 0.232296 0.054468 0.038648
0 0.920442 0.409207 0.012680 0.067003
2 0.451574 0.221572 0.036777 0.040827
0 0.175819 0.525343 0.014466 0.085526
5 0.871763 0.695534 0.129986 0.171652
2 0.320818 0.151188 0.043959 0.044561
0 0.058838 0.569651 0.014406 0.068484
