2 0.896361 0.911738 0.169955 0.174150
2 0.731408 0.534385 0.101354 0.088993
2 0.505625 0.439448 0.081342 0.092022
2 0.818925 0.748892 0.122965 0.148988
2 0.707272 0.423188 0.090510 0.076738
2 0.372729 0.475921 0.082658 0.091685
2 0.704562 0.883480 0.149446 0.185440
2 0.640601 0.669993 0.129894 0.166061
0 0.441106 0.955615 0.027573 0.088771
2 0.418010 0.430732 0.084435 0.101388
2 0.495602 0.647599 0.121768 0.169975
2 0.598723 0.571469 0.102571 0.092095
2 0.320402 0.360485 0.063160 0.077023
2 0.263290 0.375310 0.066306 0.074704
2 0.319348 0.152939 0.047476 0.043259
2 0.045523 0.431297 0.090831 0.105540
2 0.954286 0.403366 0.080419 0.064479
0 0.158685 0.534950 0.016870 0.086770
2 0.498100 0.313629 0.069442 0.061993
2 0.080401 0.168518 0.032086 0.043618
2 0.364061 0.340398 0.063466 0.067588
2 0.096699 0.230822 0.038892 0.055763
2 0.244042 0.297727 0.047857 0.048224
2 0.160023 0.276326 0.050433 0.081089
2 0.182627 0.242578 0.042335 0.048141
