2 0.598833 0.667027 0.132030 0.143754
2 0.463279 0.548100 0.095770 0.108792
2 0.798835 0.842429 0.160890 0.212654
2 0.896958 0.782071 0.160229 0.195407
2 0.786566 0.475896 0.087366 0.080892
2 0.401635 0.427712 0.082096 0.091530
2 0.228998 0.554478 0.075765 0.115518
2 0.307700 0.425844 0.075109 0.086139
2 0.260596 0.455774 0.069332 0.096525
2 0.499845 0.347798 0.077543 0.069120
0 0.942750 0.410832 0.013785 0.065247
0 0.967424 0.408908 0.021280 0.083230
2 0.172321 0.425756 0.066039 0.090588
2 0.554877 0.291464 0.061712 0.058111
2 0.045782 0.432591 0.091067 0.102152
2 0.335601 0.330974 0.065870 0.073765
2 0.152455 0.132561 0.032130 0.038787
2 0.991631 0.902230 0.016139 0.072680
2 0.243159 0.163804 0.043576 0.044920
2 0.301290 0.200310 0.050684 0.060280
2 0.405829 0.364252 0.076431 0.083831
2 0.250117 0.359060 0.064193 0.083942
2 0.437095 0.226649 0.034051 0.069221
2 0.276462 0.322297 0.061760 0.071600
2 0.192624 0.367721 0.056523 0.070785
2 0.688325 0.366057 0.080708 0.070706
5 0.228182 0.136893 0.055449 0.094435
0 0.887668 0.321117 0.015874 0.068317
5 0.336422 0.114304 0.098962 0.091268
