4 0.766825 0.575288 0.320477 0.337448
2 0.751879 0.778756 0.148667 0.186751
4 0.708173 0.311985 0.163037 0.172965
2 0.412169 0.518716 0.084045 0.108020
2 0.610414 0.727247 0.107619 0.169528
2 0.864867 0.947852 0.160671 0.100346
2 0.659883 0.627094 0.130219 0.148869
2 0.833061 0.467263 0.095968 0.075858
2 0.542458 0.537538 0.091690 0.107639
2 0.165998 0.105949 0.034071 0.030257
2 0.158779 0.235739 0.049233 0.058405
2 0.358861 0.328901 0.060229 0.074579
2 0.536499 0.455317 0.098923 0.104244
0 0.016721 0.556413 0.019428 0.090348
2 0.435919 0.264475 0.055918 0.051830
2 0.045385 0.431004 0.090770 0.107356
2 0.223704 0.234109 0.043558 0.052477
2 0.176031 0.303293 0.050261 0.041601
0 0.033775 0.555032 0.019638 0.088400
2 0.924420 0.400444 0.079881 0.074796
2 0.472883 0.232717 0.050415 0.041353
2 0.307427 0.159371 0.073338 0.053528
2 0.077198 0.166269 0.028166 0.045205
6 0.118717 0.526205 0.012652 0.076622
4 0.223174 0.082109 0.095161 0.075518
2 0.528192 0.250400 0.061482 0.057538
