4 0.573604 0.457254 0.226308 0.249714
2 0.430202 0.453855 0.083143 0.096787
2 0.679887 0.653910 0.119104 0.128363
2 0.504599 0.672540 0.102104 0.142242
2 0.512541 0.579512 0.122491 0.146197
0 0.383479 0.905955 0.028200 0.131219
0 0.535919 0.976068 0.028788 0.047864
2 0.225698 0.417759 0.064842 0.082575
5 0.310835 0.388906 0.099082 0.167658
0 0.327907 0.918731 0.023561 0.129591
2 0.045459 0.430323 0.090882 0.108024
0 0.358389 0.915751 0.024930 0.125497
2 0.199400 0.114078 0.035400 0.035510
2 0.175489 0.357748 0.060937 0.073734
2 0.888117 0.418954 0.054366 0.074646
2 0.522201 0.261334 0.057124 0.053523
0 0.957406 0.412937 0.017829 0.087432
2 0.195554 0.308428 0.042057 0.060257
2 0.323135 0.153890 0.054575 0.050518
0 0.924059 0.329564 0.017596 0.084972
2 0.125510 0.161467 0.039075 0.052742
2 0.083320 0.066260 0.035704 0.033334
