2 0.475508 0.655593 0.112592 0.127688
2 0.706855 0.585160 0.121480 0.112105
2 0.467732 0.547391 0.097146 0.100037
2 0.596852 0.521597 0.100043 0.103141
2 0.278555 0.461264 0.077354 0.092895
2 0.948961 0.891243 0.101338 0.176948
2 0.821524 0.732559 0.130939 0.148931
2 0.853876 0.660427 0.141077 0.130151
2 0.325466 0.411540 0.070455 0.082870
2 0.423187 0.451265 0.083496 0.091303
2 0.525454 0.466111 0.088371 0.091514
2 0.213537 0.339013 0.062168 0.075393
2 0.817718 0.921945 0.180867 0.151940
2 0.977909 0.727764 0.043709 0.100366
0 0.258779 0.741104 0.021388 0.109716
0 0.419663 0.941610 0.025892 0.116780
2 0.936735 0.398642 0.087587 0.070388
2 0.318605 0.153389 0.045000 0.043119
2 0.514694 0.310290 0.070318 0.061840
2 0.045585 0.429777 0.090889 0.105103
0 0.519305 0.979512 0.020737 0.040976
0 0.441826 0.936348 0.024008 0.124295
2 0.984283 0.532683 0.030794 0.062528
2 0.251012 0.298264 0.053478 0.049002
2 0.097166 0.177315 0.038500 0.036998
0 0.450802 0.937862 0.027920 0.120237
