2 0.288770 0.394913 0.083534 0.107896
2 0.224405 0.403339 0.061761 0.083521
2 0.524229 0.295849 0.064602 0.055286
0 0.272450 0.771766 0.021242 0.093035
2 0.949130 0.556617 0.100866 0.105472
0 0.299514 0.758124 0.023637 0.114478
0 0.057422 0.623969 0.016915 0.086433
2 0.950200 0.464789 0.098650 0.081197
2 0.045417 0.431560 0.090708 0.103704
0 0.320657 0.743055 0.026626 0.117055
0 0.251647 0.771468 0.017729 0.109298
2 0.337674 0.378101 0.059981 0.071381
4 0.384379 0.334540 0.136145 0.149372
2 0.318685 0.153540 0.041725 0.044303
0 0.941821 0.400086 0.012294 0.050515
2 0.168569 0.363324 0.053652 0.074033
2 0.151750 0.106048 0.031744 0.034530
0 0.958054 0.399080 0.012718 0.048991
2 0.603848 0.374682 0.085215 0.116179
5 0.240082 0.209639 0.087136 0.111846
5 0.167604 0.361767 0.056180 0.082219
4 0.254792 0.207835 0.115370 0.110623
