2 0.930006 0.460894 0.108115 0.079424
2 0.288983 0.394475 0.083161 0.108098
0 0.360389 0.794769 0.026145 0.114536
2 0.224229 0.403313 0.061881 0.084004
2 0.747796 0.413487 0.088674 0.072683
0 0.282422 0.774641 0.021183 0.106447
0 0.378558 0.778503 0.023602 0.115162
2 0.509438 0.298126 0.068634 0.057598
0 0.303332 0.774520 0.018319 0.118044
2 0.045479 0.427248 0.090958 0.098189
0 0.021554 0.485073 0.016227 0.086455
0 0.261488 0.781408 0.021256 0.113051
2 0.338682 0.378239 0.058422 0.070684
2 0.167010 0.361071 0.056430 0.078671
0 0.942453 0.397152 0.013218 0.047280
4 0.391995 0.334454 0.122023 0.150695
4 0.357534 0.311961 0.188309 0.186866
2 0.146773 0.213990 0.041839 0.058675
2 0.187419 0.129098 0.029779 0.032123
2 0.164001 0.098489 0.028318 0.029561
2 0.329812 0.152722 0.037096 0.050909
0 0.289058 0.773854 0.021924 0.114966
2 0.989594 0.811916 0.020278 0.076891
2 0.309961 0.156934 0.027468 0.033796
