2 0.928483 0.865946 0.142321 0.200717
2 0.414055 0.848429 0.194919 0.174919
0 0.284464 0.530356 0.016751 0.084501
2 0.045823 0.431340 0.091603 0.103904
2 0.268727 0.395455 0.064218 0.078625
2 0.953238 0.401942 0.077834 0.066685
2 0.417336 0.371748 0.095419 0.105187
2 0.851732 0.971875 0.148924 0.056250
2 0.360259 0.388679 0.065721 0.084443
2 0.597249 0.362335 0.077608 0.083670
0 0.069128 0.579134 0.022344 0.094982
2 0.531834 0.313387 0.070374 0.060930
2 0.205025 0.394349 0.066942 0.082102
2 0.141475 0.406968 0.061490 0.085819
2 0.234331 0.330093 0.066394 0.068588
3 0.780700 0.738690 0.071669 0.097479
2 0.302255 0.177868 0.044807 0.036881
2 0.320952 0.153057 0.042719 0.039291
0 0.905872 0.375078 0.012676 0.058308
2 0.154366 0.113440 0.032617 0.036743
2 0.307369 0.355805 0.065305 0.073408
2 0.180593 0.146738 0.027710 0.029733
