2 0.931133 0.593888 0.136618 0.100155
4 0.207394 0.362286 0.140837 0.188784
2 0.414476 0.372651 0.086516 0.099681
2 0.840322 0.531301 0.105997 0.086631
2 0.331999 0.369582 0.067437 0.078579
2 0.962503 0.841342 0.073937 0.154240
2 0.948402 0.700380 0.087303 0.130754
0 0.370769 0.495934 0.021601 0.078900
0 0.345264 0.784696 0.027028 0.110652
2 0.045639 0.429576 0.091036 0.108148
2 0.893446 0.492498 0.075202 0.083739
2 0.318343 0.153538 0.045047 0.043125
2 0.936793 0.399110 0.089195 0.072866
0 0.503103 0.499236 0.018415 0.093345
0 0.270600 0.491440 0.014857 0.087632
0 0.278942 0.566623 0.013334 0.077640
0 0.864000 0.385069 0.014950 0.065078
0 0.577717 0.480409 0.017593 0.081318
6 0.638210 0.343710 0.016946 0.036306
0 0.428694 0.483502 0.023781 0.080745
0 0.468421 0.497872 0.014391 0.078431
0 0.568385 0.476691 0.014859 0.084663
0 0.554943 0.468093 0.018256 0.064293
2 0.987030 0.485083 0.025096 0.053577
0 0.489002 0.484459 0.016564 0.088814
2 0.241720 0.240241 0.048635 0.041449
