2 0.931889 0.596516 0.135413 0.104334
4 0.206587 0.362331 0.138962 0.189318
2 0.413417 0.372623 0.085513 0.099136
2 0.949593 0.887441 0.099970 0.163093
2 0.332294 0.369850 0.067031 0.078062
2 0.839812 0.534668 0.106387 0.081825
0 0.346246 0.782551 0.024705 0.109369
2 0.952750 0.719119 0.081335 0.140577
2 0.045604 0.429721 0.091024 0.108326
2 0.318094 0.153192 0.044018 0.043180
2 0.935771 0.399829 0.089697 0.071771
2 0.897962 0.498392 0.068891 0.081856
0 0.332609 0.510066 0.020570 0.124957
0 0.488772 0.471503 0.021692 0.085016
0 0.438312 0.491037 0.024940 0.082626
0 0.609942 0.457024 0.014170 0.070251
0 0.562609 0.484719 0.017584 0.088983
0 0.616406 0.464329 0.018825 0.080742
6 0.638327 0.344187 0.016739 0.036880
0 0.530603 0.481586 0.020921 0.092902
2 0.986946 0.484867 0.025215 0.051281
0 0.523572 0.485719 0.014854 0.074239
2 0.241868 0.240057 0.047749 0.041063
