5 0.800208 0.778766 0.307982 0.392087
2 0.578102 0.647045 0.115330 0.133796
2 0.750766 0.926906 0.170914 0.145423
2 0.289101 0.394397 0.082685 0.104891
2 0.224453 0.402880 0.060830 0.082337
0 0.306962 0.518505 0.019429 0.084963
2 0.897016 0.500739 0.100881 0.109765
4 0.380218 0.334541 0.145669 0.150394
4 0.972538 0.716053 0.054112 0.230213
2 0.045417 0.430988 0.090798 0.106333
0 0.058720 0.594628 0.017611 0.102668
0 0.259546 0.519550 0.014808 0.064673
0 0.045578 0.606609 0.019939 0.088635
0 0.932895 0.411754 0.014196 0.067659
2 0.323796 0.152914 0.054537 0.046030
0 0.028602 0.598999 0.017996 0.093229
2 0.336379 0.376524 0.061994 0.074793
0 0.890154 0.418321 0.014678 0.063928
2 0.164109 0.241844 0.058796 0.054729
0 0.833732 0.395197 0.013289 0.068205
0 0.912091 0.414240 0.010757 0.065615
2 0.582697 0.552696 0.041174 0.078285
2 0.101740 0.084524 0.029814 0.033999
5 0.559818 0.523361 0.087192 0.133947
2 0.261936 0.323544 0.084459 0.064614
0 0.904744 0.412567 0.012756 0.070148
0 0.876831 0.328217 0.010565 0.042457
6 0.638286 0.343979 0.016896 0.036977
