2 0.658233 0.841359 0.144650 0.176292
2 0.751773 0.788541 0.142674 0.167067
2 0.405612 0.597795 0.088330 0.121028
2 0.496368 0.694110 0.097867 0.141157
2 0.922237 0.828461 0.153929 0.147353
2 0.224769 0.403100 0.060932 0.079241
2 0.862916 0.473809 0.102458 0.074962
2 0.431830 0.388375 0.064998 0.082455
2 0.721740 0.652623 0.087862 0.122193
4 0.809059 0.602528 0.220761 0.285561
0 0.189834 0.542467 0.019279 0.084852
5 0.574434 0.605492 0.219030 0.306124
2 0.275654 0.381022 0.081559 0.101637
0 0.904095 0.397521 0.011664 0.060512
2 0.045591 0.432192 0.091181 0.102391
2 0.319046 0.153410 0.046350 0.046788
2 0.139189 0.125363 0.037447 0.035392
0 0.948678 0.406828 0.015956 0.093235
0 0.062139 0.551818 0.016943 0.070793
2 0.942662 0.938130 0.113745 0.123741
0 0.026205 0.599520 0.017415 0.091354
2 0.922110 0.974482 0.150330 0.051029
2 0.447583 0.556198 0.069061 0.115109
2 0.370451 0.205334 0.048954 0.045578
2 0.179506 0.117296 0.036585 0.031321
0 0.929981 0.387779 0.013085 0.066016
2 0.095690 0.081046 0.031923 0.033697
0 0.963665 0.412003 0.014263 0.091810
5 0.200351 0.304962 0.055165 0.092590
4 0.950827 0.695626 0.097726 0.298424
0 0.009691 0.595344 0.016986 0.099610
2 0.594773 0.328476 0.060773 0.057189
2 0.623361 0.343664 0.048644 0.046694
5 0.949872 0.688474 0.099483 0.286687
