2 0.699204 0.564071 0.112359 0.104647
2 0.744783 0.694506 0.130098 0.141252
2 0.477934 0.564438 0.097330 0.114547
2 0.369534 0.469572 0.090059 0.106865
2 0.854327 0.663523 0.140133 0.116886
2 0.614526 0.583500 0.114677 0.140013
2 0.588677 0.736275 0.140900 0.194386
2 0.941676 0.938621 0.115907 0.118822
2 0.764664 0.534443 0.100362 0.090878
2 0.920493 0.779693 0.146552 0.142409
2 0.180314 0.312452 0.056324 0.059861
2 0.186886 0.208206 0.048713 0.055656
2 0.957233 0.590304 0.084649 0.105808
0 0.271403 0.751994 0.023079 0.128878
2 0.692998 0.376571 0.083722 0.071389
2 0.319471 0.153716 0.044858 0.040893
2 0.560328 0.623709 0.123216 0.092133
2 0.160495 0.131104 0.041020 0.037616
0 0.153373 0.537906 0.017634 0.086475
2 0.456562 0.457345 0.096218 0.098817
2 0.558042 0.465161 0.067550 0.094303
2 0.512031 0.521577 0.095423 0.108081
0 0.291463 0.805199 0.028896 0.128671
2 0.479594 0.264180 0.056969 0.056915
2 0.226023 0.285672 0.032226 0.038486
2 0.045487 0.430720 0.090817 0.104764
2 0.331379 0.203510 0.046294 0.046006
2 0.258415 0.246462 0.048981 0.037812
2 0.080981 0.063740 0.034968 0.027618
2 0.966064 0.859344 0.067319 0.095317
2 0.953886 0.401985 0.078335 0.068424
5 0.954312 0.402463 0.078936 0.065678
2 0.298187 0.410181 0.075005 0.089748
0 0.075165 0.671370 0.023952 0.096350
