2 0.335514 0.530591 0.090954 0.111524
2 0.758483 0.907743 0.165300 0.183194
2 0.889150 0.821758 0.157269 0.172042
2 0.864397 0.701661 0.139664 0.137531
2 0.725093 0.759771 0.138841 0.149426
2 0.449172 0.611480 0.106946 0.132781
2 0.704703 0.654902 0.121727 0.116058
2 0.960634 0.552582 0.078140 0.095769
5 0.578272 0.691690 0.113932 0.210029
2 0.555367 0.469712 0.107749 0.118875
0 0.319656 0.742108 0.021498 0.108034
2 0.958566 0.967175 0.081968 0.063144
2 0.226496 0.419956 0.063972 0.085978
2 0.231589 0.350801 0.061505 0.077555
2 0.551567 0.545877 0.095708 0.102819
2 0.563210 0.300859 0.065825 0.057063
2 0.045497 0.431447 0.090920 0.109814
0 0.273128 0.784532 0.025065 0.108281
5 0.351748 0.417081 0.148763 0.203928
0 0.170393 0.726601 0.019827 0.111602
0 0.248245 0.785787 0.022167 0.109966
0 0.948870 0.414571 0.015226 0.076620
0 0.915518 0.391624 0.013607 0.065630
2 0.362911 0.207712 0.051504 0.054674
0 0.027539 0.598911 0.014166 0.095724
2 0.320675 0.152742 0.048706 0.047356
0 0.056927 0.569047 0.014910 0.059968
2 0.188474 0.205600 0.043398 0.046648
5 0.444296 0.259322 0.070538 0.092602
2 0.239135 0.138716 0.038681 0.035235
0 0.963365 0.412673 0.013533 0.087507
0 0.068569 0.666399 0.023973 0.106023
2 0.409806 0.201987 0.048376 0.038094
