2 0.641105 0.788232 0.168961 0.142317
2 0.917459 0.844475 0.159727 0.194228
2 0.968424 0.578319 0.062457 0.086927
2 0.784065 0.527678 0.120052 0.082592
2 0.926930 0.504666 0.102159 0.079791
2 0.974242 0.957972 0.050662 0.084054
2 0.853819 0.512206 0.087485 0.088638
2 0.205962 0.394874 0.066640 0.079899
2 0.046455 0.430899 0.092750 0.103131
2 0.419055 0.373204 0.092899 0.102551
2 0.265252 0.391567 0.065894 0.079833
2 0.320977 0.153471 0.044699 0.045033
2 0.362337 0.389615 0.062332 0.081573
2 0.141549 0.404538 0.062181 0.085667
0 0.737700 0.452668 0.018195 0.072951
0 0.788219 0.433088 0.015059 0.073200
0 0.681244 0.451927 0.020049 0.073094
2 0.306266 0.355852 0.063827 0.075467
0 0.667734 0.490175 0.020617 0.076915
2 0.234555 0.322253 0.055067 0.051662
2 0.138166 0.093529 0.032011 0.029232
2 0.939194 0.411730 0.047754 0.074388
