2 0.824059 0.729353 0.141506 0.131303
2 0.623057 0.675560 0.124109 0.132386
2 0.516481 0.594767 0.102358 0.123680
2 0.908170 0.877176 0.172328 0.182295
2 0.879219 0.673475 0.140419 0.130093
2 0.336392 0.385977 0.072009 0.080110
2 0.727552 0.594047 0.119890 0.116259
2 0.851240 0.499727 0.118518 0.093220
2 0.652385 0.611885 0.125117 0.127710
2 0.017258 0.789512 0.034128 0.141478
2 0.260413 0.377588 0.055592 0.077371
2 0.191241 0.312601 0.055919 0.063939
2 0.254898 0.147508 0.037907 0.038941
2 0.907731 0.959439 0.161550 0.079133
2 0.608784 0.520114 0.100502 0.077990
2 0.419461 0.378227 0.065262 0.076587
2 0.045552 0.430555 0.090759 0.104522
4 0.496615 0.181870 0.114710 0.110003
2 0.200050 0.140634 0.034584 0.046143
0 0.246935 0.781989 0.019973 0.119046
2 0.987306 0.733788 0.024565 0.087930
2 0.575681 0.323203 0.072782 0.062558
2 0.935362 0.396945 0.085488 0.069823
2 0.523153 0.525627 0.103983 0.113092
2 0.322147 0.206861 0.055939 0.048373
2 0.363250 0.194975 0.036203 0.055161
2 0.313907 0.147505 0.043990 0.039479
