2 0.914458 0.847125 0.166486 0.189561
2 0.871994 0.740925 0.187517 0.145671
2 0.392398 0.857325 0.196664 0.156799
2 0.956825 0.577198 0.085487 0.084967
2 0.922525 0.501619 0.104050 0.076554
2 0.784838 0.522859 0.115037 0.090478
2 0.974110 0.958005 0.050901 0.083991
2 0.417645 0.372277 0.095961 0.103637
2 0.205884 0.394794 0.067024 0.080504
2 0.046521 0.430543 0.092897 0.106235
2 0.361543 0.390279 0.063015 0.083694
2 0.320493 0.152631 0.044844 0.045164
2 0.845583 0.507224 0.076950 0.084934
0 0.729664 0.438878 0.018352 0.070128
2 0.264447 0.391058 0.067414 0.080723
2 0.083679 0.074679 0.035502 0.032280
2 0.141886 0.405158 0.061419 0.085133
2 0.950608 0.400961 0.071184 0.063991
0 0.683054 0.448553 0.018002 0.086593
0 0.475777 0.475005 0.022171 0.078022
2 0.094849 0.224939 0.042235 0.057608
2 0.305946 0.355549 0.064350 0.075890
2 0.100794 0.148385 0.033112 0.041094
2 0.232138 0.324282 0.060045 0.056406
2 0.975463 0.489749 0.048341 0.078567
2 0.167897 0.234159 0.043222 0.057892
2 0.165536 0.333761 0.049888 0.085147
