2 0.741284 0.873153 0.161928 0.183280
2 0.547649 0.742840 0.094464 0.149254
2 0.566611 0.630886 0.111330 0.123848
2 0.423174 0.518784 0.089609 0.104334
2 0.712624 0.656881 0.127176 0.128142
2 0.810468 0.805853 0.157261 0.172250
2 0.605242 0.527760 0.099559 0.101117
2 0.518292 0.518743 0.105499 0.116297
0 0.194659 0.726150 0.020660 0.113025
2 0.858510 0.668894 0.165862 0.133864
2 0.383058 0.420430 0.080760 0.088642
2 0.959154 0.513341 0.081016 0.083687
2 0.520189 0.341080 0.075121 0.065281
2 0.936394 0.398643 0.088344 0.071428
2 0.152266 0.113833 0.034375 0.036569
2 0.253703 0.171392 0.043960 0.048581
2 0.415061 0.375861 0.065401 0.071509
2 0.710990 0.584897 0.129388 0.107328
2 0.213044 0.127393 0.034486 0.032087
2 0.045777 0.430774 0.091256 0.103024
2 0.983254 0.951718 0.032820 0.087668
2 0.984121 0.729424 0.031259 0.083253
2 0.979679 0.823962 0.040125 0.106265
2 0.319902 0.230213 0.052575 0.046176
4 0.495647 0.179518 0.115226 0.110903
2 0.318277 0.149489 0.043149 0.040545
