4 0.908826 0.424492 0.180984 0.207726
2 0.288476 0.394033 0.083972 0.109677
2 0.224542 0.402605 0.061028 0.083940
2 0.953654 0.582730 0.092049 0.100190
2 0.045480 0.430386 0.090960 0.104243
0 0.045325 0.602920 0.021933 0.095929
4 0.372178 0.329843 0.161406 0.158196
2 0.762570 0.421779 0.101779 0.093710
0 0.068108 0.587945 0.015542 0.099142
0 0.029550 0.598472 0.017348 0.095433
2 0.338180 0.377734 0.059003 0.071661
2 0.321845 0.153934 0.049859 0.046172
0 0.694929 0.453072 0.015282 0.078405
4 0.226916 0.199425 0.118068 0.123107
0 0.555615 0.457916 0.015068 0.069519
0 0.531389 0.477794 0.026435 0.091385
0 0.596348 0.449004 0.024144 0.069550
0 0.665260 0.450667 0.019178 0.088099
2 0.262733 0.332283 0.094435 0.065702
6 0.638098 0.344000 0.016539 0.037536
0 0.621758 0.469364 0.016538 0.085593
