2 0.860910 0.951407 0.195202 0.088477
2 0.779047 0.466597 0.103081 0.086457
2 0.288808 0.393592 0.084066 0.106661
2 0.224363 0.403635 0.061736 0.082975
2 0.907968 0.483222 0.112177 0.080894
2 0.556264 0.371247 0.071556 0.071490
0 0.343386 0.486380 0.015116 0.085189
0 0.278918 0.515258 0.021968 0.081109
2 0.045426 0.431926 0.090780 0.102980
0 0.041500 0.613375 0.016898 0.093687
0 0.379723 0.531378 0.024985 0.086343
0 0.456804 0.494718 0.017449 0.075149
2 0.528322 0.313456 0.072581 0.065001
0 0.079790 0.607615 0.019073 0.102741
2 0.321670 0.154525 0.051855 0.047914
4 0.360251 0.318626 0.184138 0.173091
0 0.941537 0.415796 0.011332 0.061380
0 0.226706 0.524813 0.021030 0.093013
0 0.901735 0.407968 0.014087 0.058362
2 0.339380 0.378613 0.057596 0.070398
0 0.063121 0.611743 0.015642 0.087476
2 0.167768 0.360875 0.056313 0.079503
0 0.955876 0.413362 0.012417 0.069345
4 0.400404 0.333130 0.105464 0.150858
2 0.156881 0.096373 0.041279 0.044387
0 0.388978 0.531731 0.019725 0.084627
4 0.519306 0.184203 0.118690 0.118663
0 0.850721 0.407493 0.017028 0.060596
5 0.519778 0.185211 0.117480 0.119365
5 0.237937 0.208908 0.079340 0.110018
