2 0.917101 0.844863 0.160217 0.192851
2 0.931796 0.506138 0.098722 0.081236
2 0.802310 0.748806 0.168877 0.108612
2 0.798400 0.530102 0.129680 0.094996
2 0.974430 0.957821 0.050269 0.084358
2 0.424530 0.376243 0.082132 0.098070
2 0.046304 0.429785 0.092470 0.107517
2 0.861766 0.512708 0.077622 0.087975
2 0.205974 0.394280 0.065930 0.081532
0 0.629493 0.459695 0.018676 0.075500
2 0.265167 0.391199 0.066300 0.080764
2 0.321224 0.153601 0.045301 0.045076
2 0.362239 0.391606 0.061053 0.077747
0 0.790736 0.447301 0.023635 0.069460
0 0.726429 0.439866 0.023287 0.072780
2 0.141173 0.403763 0.063312 0.091412
0 0.583915 0.458766 0.013894 0.072633
2 0.189269 0.115799 0.033194 0.031089
2 0.989416 0.505790 0.020435 0.049179
2 0.306369 0.354467 0.063315 0.076984
2 0.235377 0.322068 0.053084 0.050989
0 0.601635 0.441360 0.015522 0.058696
0 0.668158 0.490428 0.020242 0.074783
