2 0.623685 0.589365 0.116311 0.134711
2 0.780775 0.720774 0.133290 0.144760
2 0.933156 0.725547 0.133049 0.150780
2 0.482458 0.566488 0.095437 0.115222
2 0.371577 0.472035 0.089857 0.109804
2 0.941737 0.938522 0.115408 0.116632
0 0.242216 0.709249 0.019700 0.118016
2 0.799301 0.421691 0.107998 0.081212
2 0.217019 0.341570 0.059194 0.073313
2 0.590344 0.718512 0.143025 0.228781
2 0.455778 0.460662 0.088658 0.093410
2 0.301040 0.416340 0.077425 0.087427
2 0.816280 0.583931 0.138707 0.090514
0 0.259083 0.756382 0.023178 0.121970
2 0.682947 0.567048 0.093786 0.112491
2 0.564266 0.361072 0.082964 0.071658
2 0.482845 0.262392 0.058388 0.058562
2 0.518842 0.521701 0.080286 0.097721
2 0.965393 0.859523 0.068524 0.095936
2 0.045588 0.431212 0.090995 0.103845
2 0.954334 0.402942 0.079468 0.066207
2 0.262976 0.313693 0.063835 0.068382
5 0.642478 0.350631 0.070654 0.087782
2 0.778922 0.529728 0.094236 0.077033
0 0.153322 0.536774 0.017817 0.091040
2 0.333273 0.373148 0.064603 0.080681
2 0.213721 0.134692 0.035249 0.032374
2 0.447759 0.381818 0.065649 0.070685
0 0.172659 0.691698 0.019477 0.068311
2 0.393973 0.391956 0.065246 0.109605
0 0.177917 0.738164 0.023853 0.081565
2 0.319219 0.153089 0.045011 0.042614
2 0.235754 0.235481 0.048231 0.046957
2 0.317371 0.302505 0.062313 0.063870
3 0.167384 0.734741 0.043577 0.081113
