2 0.862752 0.777191 0.175969 0.168509
2 0.468719 0.554645 0.092378 0.105774
2 0.431149 0.440774 0.084316 0.094382
0 0.331900 0.852789 0.027836 0.125899
2 0.613445 0.584089 0.110760 0.134832
2 0.339895 0.442715 0.081869 0.107615
0 0.304013 0.799211 0.022188 0.130919
2 0.586047 0.734050 0.138511 0.191463
2 0.758362 0.533779 0.101345 0.090470
2 0.570696 0.479965 0.088799 0.083743
2 0.941470 0.937103 0.116053 0.119168
2 0.978786 0.536032 0.041901 0.076709
2 0.725960 0.681495 0.128464 0.130706
2 0.510837 0.518332 0.090321 0.103213
2 0.512368 0.312502 0.066397 0.056979
2 0.262571 0.379257 0.073960 0.080481
2 0.706649 0.388778 0.092920 0.069395
2 0.707452 0.576551 0.115219 0.102930
2 0.319635 0.154218 0.044976 0.043083
2 0.286348 0.201612 0.047695 0.050512
2 0.203621 0.139610 0.042268 0.040449
2 0.558982 0.622828 0.129096 0.092746
2 0.045483 0.430893 0.090857 0.104842
2 0.207480 0.221935 0.052068 0.057353
2 0.954211 0.401631 0.078020 0.066448
2 0.349858 0.355998 0.058811 0.111758
2 0.154288 0.105776 0.035759 0.031960
2 0.964659 0.855536 0.070030 0.098141
2 0.158129 0.228191 0.037269 0.046026
2 0.242881 0.305982 0.069351 0.065460
