2 0.445587 0.533012 0.089826 0.107507
2 0.722834 0.771895 0.148139 0.187987
2 0.895900 0.780866 0.156810 0.192698
2 0.556627 0.634988 0.126020 0.131764
2 0.308833 0.426433 0.078225 0.083697
2 0.892266 0.452090 0.107178 0.079325
2 0.714480 0.480257 0.108205 0.088837
2 0.191985 0.475882 0.084292 0.094461
2 0.406413 0.367461 0.073413 0.085957
2 0.947789 0.948745 0.103661 0.102511
2 0.234535 0.418562 0.066784 0.089851
2 0.231751 0.178377 0.042556 0.044542
0 0.966973 0.408307 0.020173 0.085436
2 0.354428 0.389899 0.075032 0.085780
2 0.045568 0.433228 0.090916 0.099339
0 0.064088 0.580211 0.018876 0.096237
0 0.942358 0.409210 0.012668 0.059057
2 0.178621 0.115760 0.035367 0.034656
2 0.703036 0.366631 0.077751 0.071038
2 0.172041 0.352774 0.063785 0.073927
2 0.527214 0.288924 0.073578 0.064469
2 0.240245 0.344246 0.064526 0.073738
2 0.440216 0.216623 0.046969 0.040145
2 0.327701 0.323119 0.057928 0.065063
2 0.265035 0.309663 0.056084 0.074109
5 0.311529 0.170394 0.066065 0.085094
5 0.160239 0.233929 0.054903 0.078962
2 0.411503 0.263534 0.051406 0.066585
2 0.984958 0.605669 0.029361 0.078686
0 0.917250 0.340615 0.016436 0.055260
2 0.973103 0.872056 0.053194 0.082994
