2 0.594578 0.747270 0.133150 0.148790
2 0.804690 0.921902 0.175175 0.155880
2 0.503333 0.585931 0.104030 0.114430
2 0.687696 0.719144 0.137326 0.147625
2 0.887649 0.873438 0.174446 0.176510
2 0.424762 0.607458 0.090014 0.123444
2 0.811707 0.695842 0.150188 0.138776
2 0.525259 0.320007 0.073678 0.071327
2 0.706393 0.584412 0.121718 0.115144
2 0.939832 0.827891 0.119788 0.177132
2 0.411057 0.433028 0.083150 0.104977
2 0.608894 0.589506 0.109682 0.111458
2 0.265341 0.380189 0.066441 0.084496
2 0.524080 0.465719 0.091929 0.094521
2 0.167012 0.103681 0.032826 0.028731
2 0.936390 0.398426 0.087770 0.070669
2 0.855420 0.657565 0.136601 0.124579
0 0.134457 0.659454 0.020146 0.103527
2 0.045561 0.430080 0.090854 0.103444
2 0.277856 0.331184 0.066044 0.067107
2 0.597335 0.516799 0.104504 0.097409
2 0.629355 0.341372 0.071251 0.060851
2 0.361106 0.225949 0.053862 0.048095
2 0.431919 0.243639 0.056878 0.048769
2 0.644188 0.346000 0.041655 0.048746
2 0.984665 0.729935 0.030159 0.090475
2 0.965430 0.571498 0.068589 0.080861
2 0.319845 0.152901 0.042271 0.040759
2 0.414520 0.379716 0.068025 0.076088
