2 0.888087 0.766776 0.165420 0.182227
2 0.529891 0.608962 0.104648 0.119849
2 0.635620 0.682224 0.122935 0.138491
2 0.336733 0.385811 0.070923 0.080202
2 0.218327 0.399583 0.063601 0.083985
2 0.915292 0.685368 0.152275 0.133150
2 0.516293 0.454562 0.082380 0.088155
2 0.651285 0.618557 0.131437 0.124620
2 0.290852 0.141115 0.046818 0.039659
2 0.268836 0.385450 0.062879 0.081379
2 0.045463 0.430762 0.090918 0.106032
2 0.419481 0.376990 0.065191 0.075425
4 0.491082 0.176454 0.116734 0.108421
2 0.937418 0.399340 0.084283 0.069223
0 0.248045 0.783906 0.019391 0.112874
2 0.219465 0.334540 0.057270 0.058688
2 0.187554 0.076170 0.034875 0.043459
2 0.049585 0.134807 0.024796 0.038240
6 0.638430 0.343232 0.016816 0.035797
2 0.100134 0.097523 0.029348 0.031461
0 0.888136 0.427201 0.026649 0.077780
