2 0.654734 0.798958 0.145259 0.161580
2 0.720847 0.742744 0.138040 0.150521
2 0.873324 0.953276 0.160583 0.093449
2 0.933673 0.782092 0.131705 0.156515
2 0.531318 0.606287 0.108712 0.119002
2 0.712717 0.587115 0.116320 0.112301
2 0.851669 0.659025 0.144548 0.128309
2 0.472382 0.653048 0.094709 0.132535
2 0.633251 0.605067 0.113661 0.112574
2 0.475305 0.483526 0.098943 0.107660
2 0.336433 0.445013 0.074029 0.093704
2 0.953157 0.926944 0.092988 0.132632
2 0.909215 0.538483 0.119648 0.097737
0 0.167835 0.688018 0.023722 0.109453
2 0.599151 0.513040 0.097192 0.086311
2 0.242934 0.161805 0.044366 0.046171
2 0.936630 0.398304 0.088631 0.070885
2 0.332290 0.372261 0.073729 0.068031
2 0.185279 0.115964 0.034518 0.032752
2 0.045613 0.429201 0.090909 0.106638
2 0.115545 0.210554 0.045948 0.053689
2 0.413550 0.374715 0.067913 0.071092
2 0.450924 0.250060 0.054973 0.052105
2 0.565723 0.361064 0.086768 0.072182
2 0.528593 0.465497 0.083141 0.088114
2 0.985803 0.725909 0.027522 0.072665
2 0.366846 0.228870 0.048604 0.043633
4 0.507677 0.179845 0.115339 0.119113
