2 0.784225 0.821337 0.150823 0.176493
2 0.913999 0.820707 0.167033 0.171545
2 0.288599 0.394290 0.083348 0.109061
2 0.885611 0.491928 0.110349 0.112801
2 0.224460 0.402876 0.061058 0.083626
5 0.729733 0.655489 0.111849 0.171751
2 0.045519 0.430371 0.090994 0.107384
0 0.028799 0.598376 0.018551 0.094499
0 0.782293 0.436249 0.016954 0.070125
4 0.371778 0.319988 0.162036 0.170663
2 0.320846 0.154587 0.049794 0.047449
0 0.045965 0.614269 0.021279 0.074092
2 0.339303 0.378162 0.057243 0.071191
0 0.064343 0.584740 0.014155 0.093864
0 0.752611 0.432115 0.015229 0.066720
0 0.718908 0.444845 0.024420 0.095509
0 0.516714 0.483581 0.019054 0.069262
0 0.746373 0.431595 0.019612 0.069854
0 0.739867 0.430937 0.011931 0.068485
0 0.496398 0.482602 0.015653 0.071917
2 0.263580 0.332221 0.094572 0.068570
