2 0.755433 0.481486 0.105181 0.085922
0 0.306952 0.513443 0.020474 0.092950
2 0.522875 0.349331 0.079844 0.075587
2 0.224557 0.402840 0.060367 0.083490
2 0.716001 0.415592 0.097485 0.078061
2 0.288494 0.393610 0.082461 0.108586
2 0.809411 0.962261 0.189742 0.069891
0 0.351469 0.496684 0.013668 0.082041
2 0.976979 0.571573 0.045429 0.069430
2 0.045518 0.431686 0.091035 0.105091
0 0.409414 0.476658 0.019408 0.077184
2 0.167856 0.359392 0.051929 0.077190
0 0.433293 0.511781 0.018610 0.086155
4 0.381034 0.333141 0.144875 0.150823
0 0.042361 0.598503 0.020341 0.113852
0 0.941823 0.419365 0.011481 0.066246
2 0.339683 0.378396 0.057031 0.070014
0 0.450962 0.514358 0.016849 0.086314
4 0.586593 0.226454 0.110277 0.131987
5 0.586690 0.226903 0.110526 0.131249
2 0.989827 0.910955 0.019819 0.083746
0 0.041921 0.564386 0.016628 0.051193
4 0.255323 0.208284 0.117859 0.109244
0 0.953072 0.418566 0.012178 0.070310
2 0.321578 0.153360 0.050345 0.048775
0 0.809023 0.413637 0.015926 0.057142
0 0.067066 0.589980 0.014846 0.094606
0 0.527362 0.488936 0.013974 0.071087
0 0.854851 0.416455 0.010870 0.047889
