2 0.501701 0.583005 0.100416 0.114791
2 0.592770 0.736912 0.139687 0.202730
2 0.677529 0.731604 0.126431 0.145755
2 0.831581 0.760535 0.140816 0.160565
2 0.864839 0.662616 0.113916 0.126596
2 0.667096 0.624505 0.122520 0.144544
2 0.380583 0.477999 0.088507 0.111106
0 0.197318 0.674962 0.018552 0.111141
2 0.232511 0.353593 0.062526 0.070585
2 0.464642 0.468177 0.086068 0.092698
2 0.301571 0.416013 0.083769 0.090838
2 0.941813 0.939835 0.115643 0.116456
2 0.772034 0.531609 0.080564 0.081811
2 0.968607 0.490445 0.062232 0.087847
2 0.542494 0.471874 0.089098 0.104196
2 0.836229 0.581588 0.134938 0.085084
2 0.954110 0.403319 0.078653 0.065695
2 0.533804 0.536413 0.096568 0.101760
0 0.153789 0.538125 0.017961 0.090545
2 0.045575 0.430255 0.090940 0.106699
0 0.219151 0.714776 0.022048 0.107712
2 0.334505 0.371769 0.063742 0.080948
5 0.460860 0.249256 0.051501 0.074788
2 0.179726 0.311974 0.051207 0.062123
2 0.275190 0.324211 0.060395 0.077793
2 0.967967 0.846651 0.063152 0.119363
2 0.204815 0.124093 0.035837 0.034382
2 0.570560 0.303283 0.071771 0.061797
3 0.253233 0.817476 0.051505 0.143371
2 0.332307 0.230326 0.047087 0.043779
0 0.268218 0.805506 0.020546 0.116260
