2 0.610134 0.680724 0.128103 0.154837
2 0.695567 0.627284 0.125406 0.128312
2 0.753944 0.808011 0.141031 0.170401
2 0.714001 0.428910 0.096971 0.078963
2 0.807792 0.525519 0.084850 0.083272
2 0.899936 0.915573 0.176468 0.164437
2 0.489277 0.578958 0.109720 0.124029
2 0.820928 0.437956 0.102348 0.083153
2 0.840353 0.660067 0.154016 0.144497
2 0.309293 0.426539 0.074142 0.085470
4 0.701069 0.308750 0.169889 0.170920
2 0.789170 0.732939 0.135009 0.142735
2 0.397652 0.415869 0.074382 0.077830
0 0.058768 0.580595 0.017489 0.094259
2 0.407328 0.495955 0.088030 0.096858
2 0.973441 0.895647 0.052466 0.170953
0 0.931372 0.404313 0.013086 0.069226
2 0.676462 0.544940 0.127422 0.096729
2 0.319151 0.153164 0.047280 0.043919
2 0.045576 0.428088 0.091153 0.096226
2 0.444745 0.219063 0.051958 0.043246
2 0.234551 0.142010 0.034131 0.034544
2 0.467723 0.474795 0.079885 0.088166
0 0.171476 0.528214 0.015262 0.088996
2 0.564365 0.521768 0.110734 0.143336
4 0.548641 0.217146 0.149907 0.139504
2 0.992229 0.744416 0.014785 0.094545
2 0.148092 0.072740 0.044740 0.039398
2 0.383424 0.190412 0.040304 0.039320
2 0.084683 0.061948 0.029839 0.024647
