2 0.315592 0.489962 0.083138 0.100350
2 0.648866 0.692221 0.127903 0.140484
2 0.539253 0.616095 0.106047 0.119081
4 0.476820 0.236779 0.148073 0.148401
2 0.520166 0.457297 0.087910 0.086967
2 0.817991 0.530139 0.123362 0.115341
2 0.163205 0.344659 0.049050 0.080223
2 0.279004 0.394703 0.061195 0.081534
2 0.045471 0.430880 0.090942 0.107732
2 0.344561 0.394319 0.074898 0.081761
2 0.797958 0.445120 0.095654 0.078652
0 0.257366 0.788071 0.027465 0.114862
2 0.229032 0.344424 0.057631 0.073816
2 0.192611 0.095230 0.025168 0.028332
2 0.661696 0.345742 0.068989 0.054598
2 0.418623 0.374949 0.068869 0.079034
2 0.232492 0.236487 0.043326 0.056561
2 0.255759 0.191488 0.048788 0.053236
2 0.359466 0.327133 0.063522 0.072642
2 0.189094 0.254239 0.037000 0.045600
5 0.925070 0.399683 0.093485 0.070463
2 0.921138 0.399451 0.092287 0.072216
2 0.086324 0.277938 0.033248 0.039392
2 0.132035 0.158874 0.028496 0.028024
2 0.164497 0.283713 0.050293 0.063818
