2 0.275543 0.399714 0.065960 0.079596
2 0.235601 0.151741 0.039727 0.040395
2 0.954354 0.403606 0.080167 0.064666
0 0.036972 0.487265 0.022861 0.076852
2 0.423594 0.375146 0.083227 0.100027
2 0.319884 0.153427 0.046373 0.043323
2 0.877372 0.960907 0.167574 0.071980
2 0.204526 0.394346 0.067927 0.080538
2 0.360318 0.390380 0.064246 0.084307
2 0.141004 0.406210 0.061650 0.085892
0 0.072616 0.522201 0.028175 0.088104
2 0.305310 0.354544 0.065805 0.075861
2 0.049457 0.436538 0.085286 0.077305
2 0.235145 0.335931 0.060951 0.080912
2 0.237110 0.225016 0.026040 0.022860
2 0.181562 0.308739 0.037518 0.044310
2 0.096641 0.232893 0.042282 0.062539
2 0.164122 0.336331 0.053544 0.087952
2 0.053699 0.430900 0.055273 0.059244
2 0.302855 0.292741 0.059882 0.056116
