2 0.590289 0.604609 0.100369 0.115492
2 0.807619 0.918914 0.187330 0.162172
2 0.606328 0.763351 0.137050 0.156688
2 0.401254 0.564050 0.099201 0.112462
2 0.916768 0.863689 0.166465 0.183091
2 0.315382 0.419849 0.082900 0.105112
2 0.944932 0.700522 0.109294 0.128010
2 0.235863 0.418171 0.070086 0.084096
2 0.941437 0.491487 0.089890 0.102391
5 0.762503 0.616695 0.164809 0.229075
2 0.452691 0.389908 0.072803 0.080617
2 0.045717 0.429980 0.091148 0.100718
2 0.472303 0.478670 0.087609 0.098722
2 0.460692 0.527372 0.091677 0.118526
2 0.348809 0.323696 0.066742 0.084930
2 0.225977 0.343261 0.061876 0.074545
2 0.348974 0.385865 0.066220 0.078853
2 0.659092 0.539194 0.076804 0.102572
2 0.179336 0.121869 0.039887 0.043987
2 0.150100 0.256730 0.049339 0.071937
6 0.638306 0.343411 0.017041 0.036526
0 0.045027 0.490024 0.016786 0.078787
0 0.884042 0.387158 0.019017 0.070481
2 0.132746 0.164366 0.036830 0.037609
