2 0.586720 0.810172 0.196803 0.183678
2 0.916241 0.846801 0.164165 0.192563
2 0.073347 0.916870 0.145759 0.150650
2 0.801542 0.487766 0.090478 0.086589
2 0.943962 0.573066 0.111209 0.102015
2 0.713778 0.485813 0.110411 0.087817
2 0.914128 0.760542 0.170231 0.124474
2 0.418974 0.372153 0.092851 0.102198
2 0.903194 0.494850 0.111560 0.068825
0 0.407803 0.492834 0.016365 0.084858
2 0.974182 0.956378 0.051027 0.084668
2 0.362151 0.390725 0.061843 0.084182
2 0.205593 0.395468 0.067498 0.079197
2 0.320622 0.152844 0.045397 0.045064
2 0.046514 0.432135 0.092985 0.103419
2 0.264677 0.391098 0.066679 0.080376
0 0.735042 0.417895 0.012711 0.054407
2 0.142061 0.406174 0.060977 0.084201
2 0.305792 0.356370 0.064439 0.076046
2 0.846097 0.976879 0.147809 0.046242
2 0.953551 0.404620 0.080123 0.069824
2 0.174075 0.240784 0.042960 0.053549
2 0.081897 0.163061 0.032459 0.048447
2 0.231819 0.324355 0.060446 0.055534
2 0.139278 0.172351 0.038075 0.049272
