2 0.687296 0.741416 0.147240 0.156089
2 0.310759 0.426030 0.077316 0.086389
2 0.926217 0.808680 0.146799 0.194168
2 0.831132 0.497953 0.099858 0.087896
2 0.920182 0.923517 0.158581 0.152873
2 0.176619 0.659591 0.107588 0.132451
2 0.496563 0.573516 0.096697 0.118774
2 0.407472 0.367052 0.071642 0.089695
0 0.352355 0.943461 0.026509 0.113078
2 0.492583 0.494519 0.100532 0.103067
0 0.942799 0.411575 0.013762 0.064526
2 0.267263 0.531361 0.073989 0.115943
0 0.966791 0.410695 0.019623 0.079232
2 0.209813 0.456016 0.075777 0.092707
2 0.045550 0.429628 0.091101 0.100365
2 0.210246 0.117388 0.024836 0.036270
0 0.488428 0.969900 0.031534 0.060200
2 0.158474 0.336819 0.036718 0.065361
2 0.225677 0.156190 0.045771 0.050645
2 0.342177 0.330609 0.060399 0.075057
2 0.339429 0.186108 0.051091 0.054013
0 0.007038 0.506280 0.013974 0.100904
2 0.267002 0.366617 0.075792 0.092584
2 0.431822 0.229048 0.030245 0.051445
2 0.617409 0.371178 0.055825 0.070804
2 0.311430 0.352729 0.056330 0.070392
2 0.214027 0.394689 0.069935 0.080244
2 0.443980 0.234864 0.046605 0.053449
