2 0.903762 0.507414 0.096616 0.084361
2 0.288920 0.395117 0.083165 0.108400
2 0.814726 0.444462 0.084764 0.080058
2 0.224164 0.403432 0.062123 0.082762
0 0.189872 0.677686 0.019967 0.108174
0 0.138712 0.687124 0.019280 0.098893
0 0.056190 0.562167 0.018140 0.088259
2 0.487126 0.305215 0.066377 0.067477
0 0.234448 0.623935 0.021954 0.092022
2 0.045554 0.432269 0.091108 0.102137
0 0.166172 0.689119 0.017964 0.090214
2 0.653143 0.361615 0.081274 0.072134
2 0.962068 0.904011 0.074733 0.144742
2 0.337714 0.378285 0.060319 0.071309
2 0.172982 0.136966 0.037701 0.041293
0 0.262344 0.622828 0.016807 0.093651
0 0.010625 0.600256 0.020080 0.109787
4 0.359793 0.319147 0.184663 0.172793
2 0.317803 0.153114 0.041098 0.043545
2 0.168253 0.362624 0.054368 0.075651
0 0.957196 0.416968 0.014153 0.079977
0 0.028588 0.603153 0.027719 0.097781
0 0.020047 0.603251 0.027602 0.107273
0 0.942792 0.408327 0.011752 0.066178
2 0.129428 0.093320 0.017865 0.025907
4 0.400830 0.332216 0.104941 0.152609
0 0.253562 0.551949 0.017098 0.074868
0 0.254711 0.591013 0.018910 0.151167
0 0.940043 0.389526 0.013790 0.087117
