2 0.877141 0.671013 0.144968 0.130361
2 0.611021 0.663002 0.118122 0.132182
2 0.478069 0.565138 0.096758 0.114443
2 0.716120 0.589496 0.121108 0.111570
2 0.846218 0.931286 0.181593 0.137427
2 0.793502 0.698161 0.142299 0.124548
2 0.855968 0.844087 0.168129 0.177841
2 0.426317 0.454053 0.085665 0.096141
2 0.532236 0.840546 0.091550 0.176409
2 0.186143 0.464285 0.084478 0.115827
2 0.583790 0.553127 0.117284 0.115991
2 0.529429 0.466431 0.088553 0.093880
2 0.244680 0.318417 0.064987 0.072822
0 0.216023 0.759279 0.021460 0.117632
2 0.936366 0.398364 0.087663 0.070684
2 0.246771 0.146374 0.037821 0.036002
2 0.659399 0.358636 0.067074 0.069083
2 0.045536 0.429975 0.090849 0.106084
2 0.167799 0.134153 0.042540 0.062548
2 0.795043 0.458842 0.083136 0.101225
2 0.414095 0.373744 0.070111 0.069545
2 0.298056 0.217438 0.052098 0.052577
2 0.080144 0.072275 0.034316 0.039207
2 0.984067 0.731472 0.031291 0.084399
2 0.979785 0.825095 0.039874 0.101440
4 0.496239 0.181688 0.114346 0.111988
2 0.625922 0.534616 0.064893 0.092505
2 0.325038 0.166806 0.060709 0.062196
2 0.989032 0.958278 0.021443 0.077757
