2 0.900090 0.915343 0.175502 0.169315
2 0.799078 0.527253 0.094051 0.082181
2 0.610976 0.679106 0.126931 0.158743
2 0.790113 0.629217 0.133220 0.119892
2 0.489908 0.579026 0.110215 0.124979
2 0.706438 0.663990 0.116363 0.128673
2 0.754413 0.811000 0.141679 0.165737
2 0.931907 0.711874 0.135485 0.153464
2 0.852896 0.764185 0.158834 0.165943
2 0.309051 0.426468 0.074225 0.084890
2 0.398620 0.490872 0.080861 0.097277
4 0.796852 0.356455 0.295027 0.227048
2 0.629128 0.586427 0.110980 0.119076
2 0.846891 0.484574 0.088696 0.084123
2 0.468255 0.475103 0.082784 0.089973
2 0.665689 0.545896 0.118104 0.112554
2 0.444830 0.218165 0.050119 0.043481
2 0.970867 0.909223 0.057685 0.164773
2 0.045409 0.431120 0.090650 0.104359
2 0.397024 0.414706 0.073224 0.075250
2 0.552698 0.513829 0.089223 0.130756
0 0.435767 0.965649 0.022300 0.068702
2 0.317710 0.149694 0.042826 0.040881
0 0.165606 0.531146 0.014220 0.083901
2 0.324197 0.189457 0.042816 0.039446
2 0.386652 0.191609 0.033943 0.037906
