2 0.934515 0.860457 0.130234 0.176755
2 0.644681 0.808528 0.139010 0.169079
2 0.261119 0.461879 0.078477 0.098471
2 0.791919 0.420563 0.093131 0.071842
2 0.886336 0.674168 0.153312 0.150121
2 0.430881 0.451441 0.079624 0.092835
2 0.827982 0.883921 0.169822 0.184123
2 0.745191 0.709878 0.139329 0.144773
2 0.571198 0.553209 0.098575 0.096838
2 0.595964 0.658171 0.115429 0.137006
2 0.374611 0.539818 0.102668 0.120706
2 0.433563 0.383402 0.084281 0.097344
5 0.477700 0.597990 0.098410 0.194947
0 0.286518 0.830448 0.025517 0.117619
0 0.316512 0.826727 0.022295 0.108713
0 0.224037 0.765568 0.022344 0.111657
2 0.806393 0.931047 0.154055 0.123244
2 0.614509 0.531966 0.096476 0.100590
2 0.517367 0.286810 0.061242 0.057384
0 0.366432 0.785740 0.027779 0.115970
0 0.931481 0.384853 0.010638 0.063618
2 0.045424 0.431193 0.090848 0.103559
2 0.161848 0.351664 0.045511 0.074450
0 0.952967 0.410169 0.014811 0.079215
5 0.653565 0.370460 0.105111 0.117847
5 0.281174 0.363880 0.130057 0.180812
0 0.016079 0.578589 0.017230 0.090788
2 0.404130 0.248116 0.037771 0.053533
0 0.034897 0.580312 0.018120 0.095395
0 0.158906 0.690960 0.033832 0.111923
2 0.319851 0.152127 0.045924 0.043276
2 0.177952 0.298356 0.044886 0.062848
2 0.342578 0.188219 0.042252 0.041790
2 0.477457 0.596414 0.102849 0.195934
2 0.089867 0.223161 0.034435 0.055216
2 0.410920 0.200751 0.046446 0.033435
2 0.171820 0.247037 0.055722 0.045566
0 0.969631 0.410365 0.011882 0.079642
