2 0.755652 0.901220 0.166033 0.182538
2 0.550941 0.710977 0.126178 0.143155
2 0.648110 0.688917 0.129865 0.149494
2 0.861981 0.851534 0.169232 0.164500
2 0.538296 0.535592 0.096764 0.104824
2 0.352809 0.456490 0.075090 0.091877
2 0.821997 0.721654 0.156984 0.123056
2 0.853705 0.660572 0.141855 0.128332
2 0.948022 0.514497 0.103170 0.086520
2 0.409422 0.370409 0.068226 0.075364
2 0.377041 0.561355 0.081038 0.114095
2 0.730301 0.437395 0.094097 0.078296
2 0.601855 0.523178 0.091111 0.098979
2 0.319056 0.154020 0.045267 0.043172
2 0.245690 0.304559 0.077354 0.068362
2 0.936534 0.398316 0.088627 0.071117
2 0.154722 0.117309 0.034443 0.036636
2 0.045561 0.430113 0.090978 0.103450
2 0.920889 0.967181 0.155654 0.064332
2 0.402447 0.240018 0.040589 0.048008
2 0.701611 0.645630 0.129713 0.118107
2 0.985268 0.734069 0.028916 0.090187
2 0.146931 0.215974 0.044968 0.048955
2 0.703793 0.579291 0.128137 0.100404
0 0.067984 0.598799 0.019294 0.095557
2 0.521791 0.455867 0.086023 0.071586
2 0.622946 0.344718 0.054015 0.051441
