2 0.730575 0.374034 0.091724 0.068653
2 0.251030 0.427505 0.065658 0.090042
0 0.421129 0.877315 0.030937 0.187124
4 0.405386 0.345840 0.167343 0.179735
0 0.315019 0.792404 0.024690 0.113792
2 0.045606 0.430451 0.090890 0.106369
0 0.287104 0.793506 0.023487 0.110376
2 0.363131 0.400835 0.073026 0.079406
0 0.092951 0.514082 0.017196 0.096656
0 0.268056 0.798655 0.022459 0.111208
0 0.943294 0.407205 0.015107 0.074929
2 0.316924 0.153562 0.042137 0.043995
2 0.164776 0.100480 0.033079 0.028642
2 0.310505 0.414633 0.077429 0.090967
2 0.168086 0.360728 0.056375 0.076721
0 0.962751 0.413472 0.015929 0.084104
5 0.243018 0.211345 0.083284 0.105551
2 0.287281 0.333430 0.054304 0.063153
