2 0.809405 0.779367 0.157634 0.190564
2 0.612856 0.763050 0.134539 0.156808
2 0.562647 0.594735 0.101775 0.118248
2 0.706286 0.585743 0.122173 0.114459
2 0.316680 0.506061 0.083331 0.109453
2 0.846008 0.659518 0.156706 0.130698
2 0.597306 0.519696 0.097726 0.104624
2 0.517995 0.460125 0.087694 0.094614
2 0.171578 0.357876 0.060340 0.072369
2 0.810759 0.461414 0.105639 0.088102
2 0.978286 0.728735 0.042885 0.101496
2 0.936434 0.398551 0.087580 0.070587
2 0.230482 0.329637 0.057516 0.072868
2 0.317947 0.153202 0.045295 0.043147
0 0.425669 0.964375 0.027985 0.071251
2 0.045559 0.430030 0.090850 0.104564
0 0.210343 0.698197 0.021719 0.104756
2 0.329033 0.370930 0.074375 0.073262
2 0.176820 0.226492 0.041183 0.049174
2 0.342669 0.445364 0.074770 0.085036
0 0.470388 0.936700 0.024934 0.094472
2 0.978899 0.983397 0.041122 0.031049
0 0.394944 0.856913 0.021167 0.068961
0 0.463093 0.967622 0.024965 0.064756
2 0.142600 0.252060 0.036442 0.040754
2 0.180248 0.121849 0.037005 0.034110
0 0.372626 0.888385 0.022057 0.126019
0 0.393556 0.889765 0.026660 0.130315
2 0.157507 0.092077 0.021947 0.028233
6 0.638253 0.343691 0.016745 0.036466
