2 0.829912 0.734749 0.144724 0.133122
2 0.623402 0.675214 0.123759 0.132821
2 0.515555 0.594392 0.101903 0.123711
2 0.728518 0.597275 0.124368 0.115243
2 0.916307 0.889466 0.167386 0.188491
2 0.336967 0.385612 0.070879 0.080118
2 0.199920 0.381799 0.064808 0.079130
2 0.651950 0.611814 0.124986 0.130240
2 0.271306 0.387146 0.057762 0.078766
0 0.246751 0.782619 0.022340 0.115152
2 0.887352 0.677536 0.144363 0.129753
2 0.552676 0.312048 0.055239 0.056931
2 0.419552 0.377265 0.067673 0.077139
2 0.920756 0.963589 0.153429 0.072822
2 0.045630 0.430722 0.090857 0.103996
2 0.643252 0.408890 0.098255 0.075831
2 0.182930 0.105452 0.028554 0.042880
2 0.259005 0.157179 0.040439 0.038743
2 0.613915 0.522197 0.102917 0.086214
2 0.475205 0.269278 0.061140 0.049288
2 0.218549 0.334622 0.055538 0.061623
2 0.314483 0.151936 0.043402 0.044744
2 0.936388 0.400830 0.087562 0.072010
2 0.527847 0.534041 0.107598 0.114351
2 0.354127 0.222995 0.054661 0.047199
2 0.530635 0.463319 0.087065 0.085217
