4 0.828547 0.622783 0.341049 0.353224
2 0.519897 0.529518 0.094323 0.102698
2 0.549633 0.645088 0.108003 0.127799
2 0.321173 0.489060 0.091792 0.110974
2 0.585185 0.508100 0.104340 0.099137
2 0.712394 0.396776 0.087497 0.073741
0 0.310158 0.745785 0.022041 0.118428
0 0.283997 0.756847 0.024106 0.117340
2 0.560545 0.310221 0.071265 0.058830
2 0.378916 0.405891 0.073468 0.082382
2 0.488722 0.319342 0.071516 0.069326
2 0.505231 0.444692 0.079810 0.077196
2 0.446173 0.399805 0.061103 0.077685
2 0.340207 0.444060 0.070857 0.090739
2 0.045590 0.429971 0.090859 0.105038
4 0.824946 0.791467 0.283630 0.417067
2 0.975953 0.533940 0.047424 0.090181
2 0.824339 0.478643 0.081734 0.062369
2 0.320007 0.152901 0.040212 0.042546
2 0.224513 0.177627 0.042108 0.046858
5 0.835395 0.787189 0.326030 0.412305
2 0.134312 0.102300 0.032903 0.031478
2 0.082463 0.158379 0.033339 0.036592
2 0.244500 0.142262 0.029999 0.036496
2 0.664216 0.645892 0.103835 0.145924
5 0.664519 0.644957 0.104613 0.145616
2 0.508250 0.325751 0.030737 0.052167
6 0.118634 0.522858 0.013935 0.087985
2 0.931784 0.400628 0.077330 0.073305
2 0.455760 0.224592 0.046894 0.039589
0 0.872291 0.394196 0.013415 0.069286
