4 0.206508 0.362880 0.139324 0.187057
2 0.904974 0.579346 0.130243 0.092982
2 0.413466 0.372801 0.086123 0.098154
2 0.939560 0.686046 0.095253 0.130049
2 0.332296 0.369138 0.067013 0.078113
2 0.964481 0.554171 0.070008 0.088137
2 0.851370 0.510020 0.059059 0.083728
0 0.345309 0.785188 0.026465 0.110334
0 0.242497 0.597970 0.018537 0.083104
0 0.026178 0.510668 0.016530 0.078779
0 0.368315 0.492673 0.021312 0.084696
2 0.935573 0.400037 0.086954 0.070151
0 0.411314 0.505317 0.019373 0.087498
2 0.318718 0.153797 0.045683 0.043181
0 0.532405 0.494065 0.022664 0.082318
0 0.305065 0.498250 0.020462 0.076698
2 0.045435 0.430207 0.090792 0.093297
0 0.498954 0.482959 0.021149 0.066515
0 0.439016 0.496354 0.014568 0.099163
0 0.451076 0.517603 0.020437 0.084339
2 0.821288 0.445445 0.084818 0.072179
0 0.210212 0.498948 0.014308 0.079706
6 0.638184 0.343833 0.016787 0.036524
2 0.979701 0.470884 0.040116 0.067030
