2 0.566304 0.638815 0.113398 0.125548
2 0.759040 0.770425 0.142337 0.157417
2 0.478891 0.643613 0.107387 0.132339
2 0.557288 0.490403 0.092076 0.095798
2 0.322473 0.428028 0.066724 0.088345
2 0.383727 0.426304 0.078426 0.084178
2 0.190311 0.380694 0.070080 0.086522
2 0.442531 0.397321 0.074527 0.075747
4 0.366828 0.185025 0.115176 0.120549
2 0.250904 0.364043 0.062159 0.073421
2 0.362961 0.329475 0.065883 0.084006
0 0.300264 0.839271 0.023585 0.124435
2 0.045789 0.431608 0.091061 0.100662
2 0.930379 0.398813 0.075466 0.073238
2 0.628855 0.403600 0.068255 0.095251
2 0.084636 0.349565 0.036117 0.051286
2 0.232727 0.237948 0.040517 0.050872
0 0.888619 0.387383 0.011940 0.061641
2 0.464235 0.244503 0.051268 0.050148
2 0.324906 0.346831 0.037084 0.060617
2 0.186379 0.246891 0.039658 0.036280
5 0.931784 0.398457 0.078289 0.071151
