2 0.886570 0.905470 0.182911 0.185363
2 0.692899 0.748263 0.142238 0.178922
2 0.872457 0.761925 0.155301 0.171330
2 0.522956 0.609346 0.118556 0.124905
2 0.793779 0.680961 0.147414 0.102425
2 0.212251 0.395700 0.066758 0.080816
2 0.441310 0.530801 0.088004 0.108968
2 0.308917 0.425404 0.074054 0.085233
2 0.707667 0.469657 0.099027 0.079176
2 0.829662 0.485508 0.111750 0.083746
2 0.936306 0.485355 0.102411 0.078736
2 0.405261 0.366524 0.074268 0.088091
0 0.352082 0.476201 0.020570 0.085195
2 0.953870 0.563075 0.091748 0.085243
2 0.972781 0.902041 0.053733 0.147406
2 0.154008 0.415652 0.052449 0.083916
2 0.045456 0.430981 0.090717 0.103172
2 0.240079 0.347900 0.059436 0.079843
0 0.966041 0.409248 0.018543 0.074015
0 0.502340 0.470804 0.015946 0.067834
2 0.445033 0.219859 0.051477 0.042980
2 0.195098 0.316530 0.035046 0.050268
2 0.170391 0.355084 0.042488 0.043678
2 0.326951 0.324572 0.057729 0.067027
2 0.329014 0.366962 0.069728 0.077472
5 0.318557 0.153344 0.045654 0.046852
2 0.382721 0.188714 0.040305 0.037626
0 0.796349 0.422342 0.014386 0.055072
5 0.161422 0.237817 0.056826 0.063585
6 0.638254 0.343972 0.017082 0.036350
2 0.171466 0.239686 0.036818 0.055613
