4 0.899693 0.654644 0.199351 0.275134
2 0.878510 0.900356 0.166720 0.188889
2 0.700445 0.537418 0.149305 0.126659
2 0.614727 0.815305 0.136588 0.172647
2 0.950049 0.882047 0.099017 0.179249
2 0.777026 0.930360 0.153779 0.137628
2 0.482599 0.566813 0.098918 0.120206
2 0.459512 0.451156 0.090884 0.089064
2 0.818479 0.734816 0.088138 0.137639
2 0.289259 0.394825 0.083756 0.107959
2 0.506862 0.311141 0.067246 0.060564
2 0.797062 0.429517 0.092569 0.079047
2 0.224159 0.402363 0.061267 0.083481
2 0.045423 0.430454 0.090762 0.106990
5 0.659552 0.669088 0.239996 0.345322
0 0.045859 0.604544 0.021228 0.092984
0 0.027217 0.598112 0.019939 0.093599
0 0.196243 0.540573 0.022885 0.082189
2 0.328123 0.369166 0.052470 0.066264
4 0.136850 0.153844 0.096332 0.112171
2 0.913427 0.519646 0.111597 0.076661
2 0.613658 0.338256 0.074046 0.062528
0 0.175964 0.543007 0.015809 0.087544
0 0.052439 0.580476 0.014122 0.082114
0 0.904579 0.398609 0.010924 0.063866
0 0.947710 0.413398 0.013140 0.070976
2 0.254131 0.337738 0.078809 0.064450
2 0.344679 0.173100 0.049563 0.046543
0 0.920731 0.410478 0.013731 0.069773
0 0.963976 0.415614 0.013539 0.081713
2 0.330676 0.155456 0.069651 0.053023
0 0.937890 0.410754 0.010011 0.070133
