2 0.425801 0.908420 0.185829 0.178744
2 0.708349 0.760460 0.146945 0.184032
2 0.728460 0.457272 0.099168 0.081237
2 0.903534 0.911081 0.186047 0.175929
2 0.881114 0.767931 0.157357 0.190130
2 0.441164 0.531082 0.087033 0.109264
2 0.523028 0.609136 0.119089 0.126042
2 0.212390 0.395605 0.066640 0.080690
2 0.308928 0.424881 0.073944 0.084335
5 0.843631 0.425945 0.135692 0.144210
2 0.405385 0.365479 0.075366 0.090879
0 0.966697 0.408750 0.020484 0.084095
0 0.318851 0.507224 0.014473 0.081193
0 0.351469 0.502705 0.013409 0.071818
2 0.641798 0.348179 0.075540 0.062572
2 0.045291 0.431163 0.090461 0.103600
2 0.241015 0.347096 0.060138 0.077123
2 0.153945 0.414946 0.053929 0.082325
2 0.974839 0.560357 0.049459 0.070936
2 0.974153 0.900503 0.051228 0.144327
2 0.435664 0.305614 0.057878 0.060531
0 0.933840 0.403670 0.014614 0.075596
2 0.195109 0.308036 0.037480 0.066149
2 0.165520 0.343339 0.050602 0.075082
5 0.318503 0.153186 0.046829 0.047939
2 0.328630 0.367765 0.072961 0.076702
2 0.447099 0.273715 0.057507 0.051865
2 0.326745 0.323355 0.058185 0.069678
2 0.264502 0.306320 0.064343 0.069529
2 0.326516 0.236538 0.029172 0.030017
2 0.382427 0.188708 0.039498 0.040015
