2 0.933674 0.596309 0.131897 0.103347
2 0.838407 0.532265 0.105687 0.083539
4 0.206618 0.363539 0.141178 0.187110
0 0.317950 0.777288 0.023644 0.111832
2 0.331957 0.369965 0.067288 0.078302
2 0.414236 0.373189 0.085284 0.098158
2 0.263336 0.148641 0.046373 0.035256
2 0.045418 0.430485 0.090612 0.105644
2 0.168588 0.193285 0.041693 0.049378
2 0.896303 0.498619 0.072200 0.085274
2 0.318822 0.153703 0.044414 0.042975
2 0.936410 0.398272 0.087329 0.072143
0 0.702301 0.442039 0.013996 0.072499
0 0.744522 0.425680 0.017298 0.075623
2 0.095952 0.235548 0.039552 0.058746
0 0.607901 0.447007 0.018768 0.073798
0 0.582288 0.451576 0.014286 0.074939
6 0.638395 0.343714 0.017258 0.036786
0 0.565036 0.476332 0.017058 0.067492
2 0.177039 0.108050 0.036792 0.034002
0 0.642850 0.460375 0.013547 0.061161
0 0.751448 0.426180 0.014405 0.072781
