2 0.932150 0.596730 0.134787 0.103377
2 0.331439 0.369544 0.068491 0.079130
2 0.412985 0.373372 0.088386 0.098299
2 0.839295 0.534787 0.107150 0.081929
4 0.207044 0.364306 0.140058 0.187478
0 0.349516 0.783433 0.028667 0.111510
4 0.299253 0.101597 0.100438 0.081554
2 0.045421 0.430694 0.090624 0.104488
2 0.318898 0.154745 0.045068 0.042243
2 0.897084 0.498668 0.071186 0.083359
2 0.935995 0.399300 0.087441 0.070412
0 0.608115 0.456957 0.015339 0.068390
2 0.955349 0.793527 0.088326 0.149336
0 0.533052 0.490942 0.019152 0.069552
0 0.741901 0.431486 0.016372 0.069335
0 0.758300 0.456347 0.018764 0.070258
2 0.237545 0.237641 0.043075 0.045323
2 0.131608 0.078490 0.027518 0.035360
6 0.638108 0.343979 0.016776 0.036409
0 0.726915 0.438326 0.012874 0.065052
