2 0.660842 0.735743 0.132945 0.140917
2 0.523894 0.694579 0.116162 0.146894
2 0.748204 0.410102 0.088813 0.073235
2 0.784317 0.727599 0.131522 0.144393
2 0.300176 0.470275 0.086441 0.107140
2 0.633501 0.530102 0.111539 0.125632
2 0.670735 0.846771 0.129140 0.180535
2 0.589856 0.585014 0.110494 0.118143
2 0.480395 0.559620 0.095571 0.119386
2 0.954633 0.953536 0.090104 0.086661
2 0.348339 0.323220 0.074617 0.089349
0 0.270940 0.821854 0.023055 0.126342
2 0.176991 0.381796 0.063938 0.083036
2 0.310196 0.353702 0.064796 0.073381
2 0.565780 0.343430 0.088013 0.073821
0 0.359087 0.881374 0.025408 0.108983
0 0.413565 0.845541 0.032519 0.124704
0 0.325809 0.881417 0.023617 0.118587
2 0.447465 0.459022 0.085086 0.089896
5 0.384489 0.518010 0.086387 0.168440
2 0.487631 0.265964 0.060340 0.053615
2 0.045653 0.431336 0.091152 0.097798
0 0.069579 0.554078 0.024031 0.093837
0 0.015505 0.552025 0.018649 0.091118
2 0.475673 0.429065 0.066088 0.081920
2 0.411244 0.201259 0.046382 0.037183
0 0.958820 0.409199 0.014332 0.074923
2 0.321393 0.153419 0.048627 0.044719
0 0.941955 0.373159 0.012629 0.057811
5 0.968754 0.541698 0.061843 0.122017
2 0.968525 0.542340 0.062154 0.120524
4 0.220688 0.330717 0.113655 0.139130
5 0.220750 0.328518 0.113577 0.141118
0 0.226973 0.731266 0.025633 0.119182
0 0.229889 0.719963 0.020619 0.070443
2 0.189570 0.108897 0.031730 0.038432
0 0.972517 0.411255 0.012500 0.066895
2 0.101242 0.145765 0.027816 0.034416
