2 0.881477 0.812440 0.152603 0.187633
0 0.404834 0.496159 0.019985 0.074814
2 0.969791 0.579314 0.059401 0.080405
2 0.426800 0.376994 0.078419 0.095279
2 0.967413 0.951850 0.064554 0.093808
2 0.307450 0.355948 0.062541 0.076411
2 0.046960 0.429933 0.093921 0.097228
0 0.458520 0.502506 0.026856 0.080885
2 0.265129 0.390095 0.066160 0.081097
0 0.759545 0.433103 0.022245 0.087881
2 0.933859 0.410691 0.075029 0.077695
2 0.364483 0.392107 0.060377 0.077181
0 0.542728 0.472732 0.017320 0.076863
2 0.193873 0.384422 0.063765 0.077642
2 0.320683 0.153578 0.044467 0.043117
2 0.077996 0.133004 0.023756 0.036188
2 0.132288 0.093702 0.023788 0.033669
2 0.090856 0.343582 0.031788 0.041809
0 0.669359 0.481505 0.018700 0.064608
2 0.356966 0.183446 0.052360 0.038521
2 0.091686 0.326372 0.029331 0.055391
2 0.177564 0.307627 0.049804 0.046500
5 0.483269 0.167745 0.113243 0.103675
2 0.235438 0.325267 0.054316 0.060647
