4 0.924441 0.681597 0.150299 0.267793
2 0.552859 0.628924 0.103603 0.132413
5 0.741276 0.736348 0.275359 0.327970
2 0.717723 0.909955 0.163489 0.177075
2 0.288855 0.394218 0.083632 0.110304
2 0.224089 0.402368 0.060504 0.080831
2 0.045417 0.430470 0.090771 0.107390
0 0.194145 0.544963 0.016766 0.095430
0 0.235948 0.530318 0.019621 0.081302
0 0.046624 0.612055 0.021822 0.078953
4 0.379970 0.333182 0.145464 0.152597
2 0.337022 0.377244 0.060750 0.073946
2 0.641134 0.351886 0.073404 0.064912
0 0.955722 0.415898 0.014998 0.080444
2 0.323158 0.153089 0.051996 0.045024
2 0.120761 0.200952 0.044400 0.054704
0 0.028765 0.599045 0.018844 0.091399
2 0.957558 0.953580 0.083803 0.092840
2 0.985573 0.881288 0.028071 0.060055
0 0.055746 0.572451 0.013828 0.065328
2 0.911570 0.533713 0.119324 0.085766
2 0.557566 0.289035 0.026189 0.034015
0 0.931023 0.415152 0.017195 0.076119
2 0.177122 0.124808 0.041428 0.050597
2 0.535997 0.283700 0.069576 0.052441
2 0.877867 0.976594 0.099172 0.046813
0 0.921863 0.414046 0.016423 0.074332
0 0.905176 0.395560 0.011765 0.074015
2 0.913041 0.964563 0.171406 0.070874
