2 0.900614 0.915145 0.176407 0.169709
2 0.611026 0.678942 0.126773 0.159311
2 0.706267 0.664584 0.116272 0.129825
2 0.931681 0.712107 0.135940 0.153771
2 0.754677 0.810812 0.141894 0.166558
2 0.486849 0.578620 0.111894 0.121620
2 0.839058 0.754008 0.155490 0.168911
2 0.798284 0.527702 0.094366 0.081297
2 0.789746 0.627367 0.135138 0.114826
2 0.302961 0.419902 0.075269 0.083242
4 0.900555 0.422956 0.197485 0.227795
2 0.390305 0.485758 0.083905 0.096726
0 0.343420 0.867613 0.024577 0.136074
2 0.629478 0.585173 0.111189 0.115306
2 0.319304 0.152983 0.046585 0.043753
2 0.442464 0.255606 0.056241 0.047884
2 0.467303 0.474161 0.086664 0.092629
0 0.106323 0.627141 0.020330 0.094481
2 0.665610 0.545461 0.118302 0.110642
2 0.398207 0.421773 0.072560 0.086960
2 0.970462 0.908479 0.058535 0.167991
2 0.045437 0.430488 0.090750 0.104021
2 0.552533 0.514065 0.090999 0.127465
0 0.164522 0.531776 0.014564 0.085047
2 0.382935 0.188194 0.039817 0.040484
2 0.442636 0.215051 0.049185 0.037966
