2 0.885972 0.897344 0.181886 0.179120
2 0.677771 0.733861 0.139804 0.177995
2 0.880568 0.519057 0.095777 0.086068
2 0.523912 0.604200 0.119352 0.130367
2 0.569619 0.526469 0.103910 0.129420
2 0.212595 0.395754 0.065979 0.081737
2 0.960303 0.504104 0.078646 0.079100
2 0.442959 0.530605 0.090382 0.108108
2 0.310815 0.425762 0.076887 0.084519
2 0.972092 0.898347 0.055095 0.141133
0 0.288459 0.510937 0.020023 0.085909
0 0.331145 0.493090 0.015462 0.079115
2 0.045393 0.429446 0.090786 0.096834
2 0.153084 0.414885 0.053459 0.086217
0 0.249471 0.525752 0.015700 0.090663
0 0.014997 0.536934 0.018056 0.069688
2 0.318291 0.153506 0.046251 0.042284
2 0.247105 0.143525 0.032258 0.033853
2 0.444660 0.219482 0.051184 0.041570
2 0.383461 0.188453 0.042053 0.037325
2 0.184236 0.245987 0.038608 0.029414
0 0.918053 0.412359 0.011905 0.060725
0 0.888076 0.418930 0.014497 0.062704
2 0.246966 0.237636 0.054938 0.043826
2 0.170398 0.247004 0.022743 0.035145
2 0.103454 0.227810 0.035088 0.055000
2 0.496935 0.516587 0.053081 0.048592
