2 0.486260 0.580930 0.100580 0.111721
2 0.823574 0.856025 0.163743 0.183056
2 0.682460 0.665689 0.121434 0.132502
2 0.482780 0.434747 0.076855 0.088131
2 0.929494 0.705348 0.139327 0.138851
2 0.686401 0.572557 0.123361 0.107976
2 0.246846 0.339874 0.062154 0.090361
2 0.936141 0.398499 0.087228 0.069870
2 0.369132 0.347439 0.069733 0.071928
2 0.432712 0.272414 0.069711 0.069004
2 0.166728 0.350268 0.055635 0.073587
2 0.744629 0.426399 0.093018 0.069718
2 0.295322 0.292388 0.060146 0.056593
2 0.318148 0.153186 0.045046 0.042520
2 0.045505 0.430258 0.090797 0.103879
2 0.249126 0.149087 0.038217 0.039161
0 0.249748 0.729341 0.031074 0.112204
2 0.568539 0.314675 0.069120 0.058761
0 0.010108 0.649945 0.019905 0.096550
4 0.712006 0.306616 0.226504 0.190294
0 0.101985 0.588514 0.018338 0.099850
0 0.316321 0.816086 0.022266 0.111934
2 0.087648 0.184618 0.035047 0.038415
0 0.333621 0.748782 0.022690 0.076355
0 0.340164 0.776589 0.033534 0.131610
