2 0.908274 0.839291 0.160651 0.171768
2 0.396767 0.472421 0.087021 0.112372
2 0.605682 0.525900 0.102355 0.104470
2 0.651916 0.722085 0.128191 0.147095
2 0.269462 0.448445 0.073901 0.092599
2 0.816205 0.643549 0.142394 0.128331
2 0.473498 0.428044 0.074137 0.083976
2 0.936255 0.399098 0.087462 0.071278
2 0.971671 0.724630 0.055779 0.104472
2 0.253222 0.169021 0.047164 0.054731
2 0.318069 0.153554 0.044253 0.041813
0 0.283818 0.776892 0.022642 0.116429
2 0.231334 0.366494 0.059167 0.075591
0 0.346336 0.870142 0.028864 0.120035
2 0.045537 0.430289 0.090713 0.102163
2 0.374915 0.345898 0.065236 0.072323
0 0.135326 0.621751 0.020329 0.099997
2 0.472036 0.276922 0.064601 0.054008
0 0.312105 0.772252 0.019945 0.106133
2 0.375125 0.210587 0.050892 0.047316
0 0.387728 0.812391 0.026575 0.103627
2 0.158788 0.248664 0.063835 0.054754
0 0.366572 0.928415 0.031614 0.127763
