4 0.777511 0.344225 0.200558 0.184305
2 0.893348 0.952842 0.202087 0.086260
2 0.288742 0.395128 0.083447 0.107469
2 0.836083 0.524149 0.123588 0.100852
2 0.224366 0.402650 0.061498 0.083811
2 0.974311 0.558670 0.050821 0.082995
2 0.045393 0.431343 0.090741 0.107252
0 0.459161 0.486386 0.019225 0.087905
0 0.029702 0.599866 0.019504 0.096871
4 0.360856 0.333284 0.183334 0.151506
0 0.487578 0.475215 0.016409 0.078169
0 0.717893 0.437386 0.018615 0.066960
2 0.322752 0.154698 0.052056 0.046106
0 0.058841 0.591372 0.016752 0.103379
0 0.941698 0.419187 0.011065 0.069029
0 0.045828 0.603956 0.016990 0.096588
0 0.752833 0.443001 0.018230 0.068048
2 0.338885 0.378154 0.057989 0.070788
0 0.952926 0.416562 0.013271 0.074502
0 0.529809 0.450534 0.014486 0.079921
4 0.243708 0.204439 0.119222 0.115357
0 0.642506 0.459227 0.012394 0.065836
0 0.544037 0.481268 0.014131 0.076628
0 0.570015 0.199729 0.016090 0.054262
0 0.567897 0.479423 0.013953 0.076320
2 0.262840 0.334023 0.095604 0.065897
