2 0.620032 0.682893 0.118274 0.141064
2 0.698034 0.675094 0.107569 0.132582
5 0.859342 0.812427 0.279923 0.357592
2 0.224550 0.402973 0.061032 0.082918
2 0.288731 0.394159 0.084388 0.108746
5 0.571924 0.538895 0.090125 0.150121
2 0.885857 0.492415 0.111062 0.111500
2 0.045389 0.430609 0.090696 0.103188
0 0.028867 0.598543 0.018898 0.094124
0 0.377095 0.512411 0.025269 0.085517
0 0.892705 0.411263 0.015045 0.054883
2 0.826353 0.973342 0.130778 0.053317
0 0.804661 0.402507 0.013296 0.069388
0 0.045989 0.613450 0.020621 0.075415
2 0.339499 0.377985 0.056355 0.070831
0 0.063837 0.590063 0.016848 0.102687
4 0.373990 0.321397 0.159304 0.175762
2 0.250224 0.158197 0.045359 0.048534
0 0.842000 0.425268 0.024613 0.067845
0 0.339863 0.508102 0.013575 0.063576
2 0.307683 0.159954 0.044980 0.050278
0 0.871536 0.413920 0.013584 0.055137
2 0.264234 0.331473 0.093118 0.066910
2 0.328615 0.153166 0.041243 0.051186
