4 0.819833 0.607729 0.349154 0.344243
2 0.812824 0.799232 0.142337 0.162661
0 0.397562 0.881038 0.027006 0.140974
2 0.282362 0.396273 0.065619 0.082353
2 0.355815 0.392033 0.069159 0.080751
2 0.626859 0.609971 0.091075 0.130614
0 0.292538 0.831742 0.023221 0.121415
2 0.811027 0.442345 0.100161 0.079282
0 0.425332 0.875937 0.026047 0.134384
2 0.169096 0.122624 0.038144 0.037490
2 0.503072 0.281690 0.058729 0.053497
2 0.238394 0.138945 0.033212 0.033116
2 0.045516 0.430005 0.090672 0.106055
2 0.262153 0.309977 0.065432 0.068445
0 0.321183 0.841215 0.027442 0.130876
4 0.589989 0.225630 0.101217 0.132144
4 0.495916 0.526948 0.181151 0.292021
2 0.322069 0.153395 0.036764 0.041552
2 0.514275 0.446141 0.058439 0.078179
2 0.460836 0.223400 0.050884 0.044793
5 0.495486 0.524818 0.179801 0.294690
2 0.629651 0.406438 0.067807 0.076976
2 0.927322 0.400382 0.069199 0.068194
2 0.587667 0.504110 0.102757 0.098166
6 0.118835 0.533080 0.013943 0.066065
0 0.965871 0.404400 0.014280 0.082068
2 0.141668 0.250700 0.035597 0.034540
