4 0.268805 0.413315 0.183876 0.235621
2 0.402167 0.426475 0.075373 0.088312
2 0.450788 0.399173 0.081332 0.101879
2 0.936058 0.397599 0.087186 0.071401
2 0.318827 0.153795 0.043892 0.041667
0 0.304513 0.793237 0.028605 0.130095
2 0.355809 0.338872 0.069813 0.079945
0 0.252731 0.790906 0.020354 0.110502
0 0.386349 0.851518 0.028226 0.112967
0 0.351726 0.777967 0.025756 0.135143
2 0.288361 0.192295 0.042446 0.047063
2 0.409098 0.226583 0.054024 0.048385
0 0.329281 0.815991 0.024848 0.173051
0 0.059047 0.587467 0.018465 0.094020
2 0.045344 0.431225 0.090689 0.106018
0 0.222558 0.667292 0.021284 0.107105
0 0.240528 0.660424 0.016790 0.100939
2 0.256157 0.153433 0.040695 0.038633
2 0.201431 0.119158 0.038100 0.035688
2 0.230140 0.285287 0.043389 0.033433
2 0.156235 0.259862 0.044547 0.032195
6 0.638146 0.343654 0.016990 0.036945
2 0.289508 0.298771 0.080516 0.065019
0 0.045722 0.598119 0.023458 0.078756
2 0.156739 0.279581 0.043915 0.063878
0 0.325941 0.846424 0.024362 0.106626
2 0.169400 0.257504 0.073864 0.048142
