2 0.900519 0.547931 0.109256 0.096611
2 0.733539 0.468505 0.098258 0.088324
2 0.441395 0.937192 0.227852 0.124699
4 0.207274 0.363499 0.139632 0.188857
2 0.412677 0.373132 0.088596 0.097706
2 0.331931 0.369371 0.067874 0.078416
0 0.233417 0.531083 0.020769 0.087453
2 0.954584 0.464875 0.090215 0.085864
2 0.783839 0.406879 0.091735 0.074019
0 0.287569 0.593611 0.020969 0.089894
2 0.318219 0.153114 0.045192 0.042938
0 0.250500 0.732985 0.019966 0.111441
0 0.345339 0.784341 0.028454 0.109923
0 0.327177 0.609294 0.025162 0.135831
2 0.045443 0.428320 0.090887 0.100964
0 0.279510 0.514422 0.019376 0.075515
0 0.096139 0.607725 0.023033 0.094052
2 0.394718 0.274171 0.059657 0.055860
2 0.495741 0.299836 0.068165 0.071924
0 0.174078 0.542429 0.026774 0.089160
0 0.376911 0.537471 0.024046 0.091677
2 0.083583 0.169049 0.035229 0.044382
2 0.936493 0.393543 0.087710 0.065583
2 0.656621 0.326680 0.060004 0.071355
0 0.348723 0.579266 0.018694 0.090125
0 0.322916 0.577693 0.017318 0.084619
2 0.470446 0.249377 0.039741 0.045074
2 0.241146 0.240855 0.048493 0.043133
2 0.344082 0.322472 0.068860 0.069078
