2 0.862537 0.800888 0.146645 0.157305
2 0.556256 0.725822 0.137770 0.178195
2 0.595525 0.666949 0.117695 0.131076
2 0.946248 0.948802 0.106790 0.097663
4 0.777486 0.603223 0.425816 0.331894
2 0.418297 0.444189 0.072643 0.088161
2 0.476033 0.424890 0.070227 0.080024
2 0.287019 0.336613 0.060334 0.079644
2 0.380071 0.347597 0.061739 0.069888
2 0.045528 0.430762 0.090831 0.101504
2 0.239987 0.145977 0.039358 0.032445
2 0.853617 0.487827 0.114824 0.063692
2 0.588390 0.356046 0.074512 0.077229
2 0.926255 0.401053 0.077520 0.071686
2 0.461197 0.223626 0.047964 0.043270
2 0.637967 0.344637 0.018816 0.037626
2 0.197802 0.246843 0.036157 0.031798
2 0.304118 0.168972 0.040267 0.059685
2 0.606170 0.505525 0.082215 0.103277
5 0.304284 0.173274 0.040117 0.058008
0 0.954987 0.420711 0.017863 0.071100
6 0.118803 0.535252 0.012965 0.056697
2 0.146839 0.130514 0.039257 0.030956
2 0.611331 0.370674 0.026804 0.036174
