2 0.803919 0.735340 0.150692 0.153941
2 0.693755 0.747469 0.133149 0.154354
2 0.059195 0.766802 0.118390 0.163876
2 0.404552 0.602768 0.094127 0.123858
2 0.317126 0.493880 0.081202 0.101317
2 0.412607 0.513720 0.088978 0.100945
2 0.508493 0.343239 0.072440 0.064990
2 0.951472 0.948975 0.096413 0.095837
2 0.467355 0.478143 0.083650 0.103841
0 0.966960 0.411771 0.020206 0.080223
0 0.510609 0.955688 0.033079 0.088624
0 0.942366 0.411815 0.012790 0.063417
5 0.229432 0.387010 0.068364 0.122816
0 0.414104 0.960593 0.024228 0.078814
2 0.045504 0.430491 0.090704 0.102427
2 0.167999 0.351892 0.058188 0.081169
2 0.462868 0.286725 0.059974 0.057852
0 0.456947 0.968140 0.015627 0.063720
2 0.357342 0.393451 0.067345 0.082227
2 0.441165 0.393022 0.078675 0.085780
2 0.283887 0.170567 0.047568 0.054879
2 0.345335 0.219630 0.039469 0.045165
2 0.304672 0.400519 0.073291 0.087863
0 0.267434 0.788092 0.025029 0.110108
2 0.410255 0.201829 0.048045 0.040055
0 0.445526 0.961672 0.019902 0.076656
0 0.348038 0.934923 0.024692 0.130154
0 0.361906 0.823084 0.034536 0.084055
2 0.256109 0.254248 0.062151 0.069845
2 0.197441 0.120676 0.042862 0.039544
4 0.109471 0.125474 0.101088 0.109935
2 0.321476 0.153696 0.043869 0.047677
