2 0.830377 0.865165 0.173884 0.192608
2 0.278925 0.508325 0.080508 0.093798
2 0.199352 0.647867 0.111206 0.130166
2 0.040479 0.775254 0.080810 0.140098
2 0.627907 0.602737 0.122777 0.125058
2 0.577440 0.645400 0.112090 0.134190
2 0.748179 0.469677 0.104402 0.085938
2 0.373966 0.403637 0.074315 0.084410
2 0.327128 0.443313 0.081796 0.087019
2 0.982840 0.867294 0.033792 0.136195
2 0.253768 0.431888 0.070238 0.082461
0 0.317058 0.869107 0.028051 0.126628
0 0.942636 0.411360 0.013556 0.063544
0 0.966714 0.412003 0.019927 0.077907
2 0.045519 0.431203 0.090789 0.102979
2 0.159581 0.111428 0.038077 0.057868
2 0.464307 0.287945 0.050015 0.056682
2 0.277506 0.153016 0.025516 0.041785
0 0.416441 0.923803 0.026967 0.139822
2 0.404056 0.366635 0.078944 0.088157
2 0.227583 0.337271 0.063176 0.076417
5 0.171278 0.342255 0.064778 0.110482
0 0.335464 0.881763 0.024397 0.117960
2 0.625664 0.374110 0.068021 0.073180
2 0.226226 0.175824 0.029664 0.041074
2 0.341072 0.334604 0.068854 0.072313
2 0.317039 0.153509 0.040225 0.043524
2 0.263996 0.151165 0.038348 0.042843
2 0.278792 0.334125 0.059503 0.067626
2 0.409845 0.199862 0.048972 0.032669
