2 0.902473 0.940976 0.192981 0.109722
2 0.727859 0.401334 0.088549 0.069840
2 0.224165 0.402530 0.061025 0.082846
2 0.288546 0.394509 0.084266 0.106330
2 0.921297 0.545000 0.132048 0.111007
0 0.279148 0.502734 0.018386 0.089088
0 0.203674 0.530242 0.015118 0.085445
2 0.578768 0.356119 0.073994 0.069889
2 0.045441 0.431920 0.090862 0.105113
0 0.385476 0.514959 0.018446 0.084817
0 0.882582 0.393970 0.013005 0.060555
0 0.061812 0.633660 0.017870 0.085559
2 0.338963 0.378353 0.058252 0.070791
0 0.338139 0.557139 0.016288 0.088955
2 0.321410 0.153840 0.052204 0.048277
0 0.319075 0.541630 0.015713 0.056895
0 0.953464 0.411250 0.016134 0.089694
4 0.360147 0.324366 0.183528 0.162733
2 0.168520 0.362702 0.053748 0.074875
0 0.091383 0.636372 0.017648 0.097825
0 0.321864 0.555512 0.024642 0.083005
0 0.103935 0.626373 0.017954 0.104997
0 0.103444 0.601518 0.015730 0.053876
0 0.909500 0.332582 0.014357 0.051712
2 0.987564 0.519027 0.024031 0.078053
5 0.167527 0.361843 0.055726 0.081392
