2 0.881066 0.568963 0.130856 0.096042
2 0.918281 0.838089 0.160398 0.210852
2 0.974410 0.957859 0.050281 0.083715
2 0.934818 0.508334 0.100861 0.083412
2 0.236438 0.137558 0.037402 0.034892
2 0.424319 0.375406 0.082517 0.099044
2 0.321543 0.154349 0.044149 0.042353
2 0.046428 0.429906 0.092808 0.104433
2 0.206333 0.394784 0.065179 0.080510
2 0.266098 0.391553 0.064235 0.079957
2 0.361457 0.391873 0.063584 0.077237
0 0.529351 0.483401 0.018977 0.077030
2 0.842291 0.514905 0.093630 0.067022
0 0.579810 0.477300 0.020768 0.084446
2 0.307203 0.356897 0.062328 0.074336
4 0.248388 0.093239 0.144554 0.085454
2 0.140320 0.397869 0.061808 0.099879
2 0.947554 0.400399 0.063452 0.064322
0 0.667927 0.465703 0.021613 0.104623
2 0.177533 0.200065 0.042811 0.046755
2 0.952415 0.790034 0.094461 0.135178
2 0.080396 0.212944 0.026695 0.037971
2 0.345864 0.312338 0.051847 0.063534
2 0.236540 0.321511 0.051884 0.050284
0 0.853745 0.431666 0.016510 0.088024
2 0.081957 0.128398 0.027410 0.039692
