4 0.820714 0.604533 0.355164 0.351776
2 0.958781 0.927820 0.081734 0.132177
2 0.406375 0.511431 0.082413 0.105028
2 0.505287 0.449032 0.080053 0.085864
0 0.370503 0.800714 0.022034 0.121873
2 0.417393 0.444947 0.073798 0.090165
4 0.642801 0.657092 0.274475 0.382688
0 0.352052 0.939385 0.029433 0.117526
2 0.317126 0.354126 0.067231 0.070401
0 0.396595 0.938524 0.029069 0.122098
2 0.200429 0.376589 0.070009 0.085741
2 0.219579 0.149294 0.038453 0.035470
2 0.791366 0.425521 0.095872 0.062759
2 0.045546 0.430874 0.090776 0.103225
0 0.345838 0.810267 0.023648 0.118286
2 0.182315 0.154206 0.039916 0.042883
2 0.229616 0.341282 0.053960 0.070221
2 0.356719 0.199047 0.048075 0.042210
2 0.791634 0.732867 0.032901 0.110972
2 0.821425 0.481164 0.075995 0.067151
2 0.323144 0.153464 0.034291 0.043023
2 0.450805 0.401450 0.055717 0.069117
5 0.644086 0.658954 0.271220 0.376733
2 0.098125 0.081934 0.031849 0.034924
2 0.452205 0.223701 0.034611 0.042583
2 0.925910 0.399192 0.066227 0.065298
6 0.118712 0.525353 0.013816 0.082751
2 0.563099 0.309332 0.070516 0.063100
2 0.516249 0.246055 0.065401 0.055034
2 0.371660 0.275489 0.054951 0.041849
