4 0.830208 0.615391 0.339584 0.346126
2 0.606798 0.765248 0.141798 0.182399
2 0.848408 0.903569 0.171511 0.186224
2 0.756624 0.724147 0.136162 0.151163
2 0.536335 0.536142 0.102439 0.112503
2 0.949518 0.895773 0.100094 0.195323
2 0.610312 0.525276 0.095921 0.101540
2 0.654628 0.717632 0.125645 0.150396
0 0.173586 0.665421 0.022420 0.110140
0 0.193063 0.660580 0.020650 0.103382
2 0.454295 0.403776 0.063659 0.080389
2 0.239764 0.293439 0.058691 0.054377
0 0.013976 0.555049 0.020121 0.085219
2 0.045391 0.429411 0.090782 0.101185
2 0.355987 0.206269 0.049785 0.041755
2 0.300781 0.211474 0.050827 0.049074
2 0.165967 0.138470 0.037968 0.041486
2 0.319577 0.155095 0.041434 0.042385
2 0.519348 0.455115 0.083307 0.083987
2 0.283949 0.163217 0.041126 0.041206
0 0.919055 0.335982 0.014771 0.055383
2 0.479660 0.270801 0.066106 0.059191
2 0.608796 0.371324 0.087287 0.070693
6 0.118914 0.531479 0.012445 0.067036
2 0.845436 0.489545 0.086090 0.060876
2 0.491350 0.276470 0.041588 0.046756
