2 0.885596 0.903727 0.181995 0.184380
2 0.686824 0.742224 0.142790 0.179812
2 0.872276 0.758536 0.155448 0.176704
2 0.441806 0.531204 0.087132 0.106733
2 0.522798 0.609208 0.118291 0.124736
2 0.213482 0.394732 0.063646 0.083348
2 0.308649 0.425329 0.074898 0.084647
0 0.707011 0.435597 0.013844 0.075836
2 0.849688 0.533017 0.128806 0.094195
2 0.407395 0.366365 0.071416 0.088354
2 0.940726 0.490239 0.112766 0.082835
2 0.045360 0.431344 0.090629 0.104817
2 0.972514 0.902205 0.054374 0.145782
2 0.151382 0.416224 0.057117 0.086496
0 0.784544 0.428249 0.015072 0.069450
2 0.230593 0.338635 0.059517 0.071186
2 0.312509 0.224799 0.046865 0.048931
2 0.103566 0.159012 0.028547 0.045100
0 0.567735 0.457834 0.021007 0.072553
0 0.488602 0.478841 0.020953 0.077726
2 0.444857 0.219911 0.051794 0.042609
2 0.155236 0.279027 0.035035 0.042310
0 0.479076 0.470981 0.013101 0.081587
2 0.316264 0.353421 0.071280 0.076778
2 0.317627 0.153812 0.042026 0.040005
4 0.465694 0.164047 0.113070 0.105700
2 0.383403 0.188302 0.040393 0.036433
