2 0.379085 0.488198 0.084998 0.093157
2 0.255700 0.443979 0.070724 0.089628
2 0.436041 0.385177 0.088451 0.103626
2 0.812307 0.938015 0.179686 0.117022
2 0.159673 0.429323 0.062770 0.086794
2 0.954129 0.402202 0.079172 0.065392
2 0.319316 0.153688 0.046495 0.043388
2 0.244507 0.348544 0.058961 0.088471
2 0.365148 0.390951 0.062431 0.081128
2 0.308531 0.354422 0.069633 0.071750
2 0.046306 0.433270 0.092295 0.109034
2 0.175932 0.339589 0.052592 0.095507
0 0.057018 0.466316 0.016279 0.072249
2 0.380314 0.335622 0.056049 0.059507
2 0.096039 0.232827 0.043589 0.065531
2 0.302233 0.293521 0.062554 0.059085
0 0.940195 0.313009 0.013660 0.058769
2 0.102939 0.154035 0.040811 0.044943
2 0.236404 0.231227 0.027195 0.034225
5 0.343422 0.114381 0.099910 0.082681
