2 0.635558 0.683009 0.124942 0.137650
2 0.534513 0.612894 0.105557 0.121106
2 0.516160 0.454316 0.082069 0.089054
2 0.218287 0.399783 0.063923 0.084290
0 0.245857 0.786079 0.018153 0.113509
2 0.267335 0.386770 0.067243 0.084759
2 0.045416 0.431457 0.090764 0.106578
2 0.337828 0.388062 0.073478 0.084167
2 0.159882 0.337390 0.043110 0.080391
0 0.062889 0.588609 0.016961 0.090993
0 0.047758 0.583082 0.015922 0.098276
2 0.936831 0.398099 0.088434 0.068725
2 0.360390 0.326497 0.062366 0.077749
2 0.418390 0.375725 0.070370 0.079827
2 0.450201 0.234409 0.048325 0.052995
2 0.169223 0.116635 0.033951 0.038498
5 0.973277 0.463316 0.052868 0.173944
2 0.188807 0.253023 0.036960 0.043189
2 0.232184 0.236754 0.039671 0.048877
2 0.276890 0.151977 0.045317 0.052045
0 0.993218 0.956802 0.012840 0.079687
