2 0.945948 0.708559 0.107495 0.133676
2 0.835029 0.532981 0.109161 0.085341
4 0.206697 0.363928 0.141468 0.188644
0 0.733111 0.417911 0.014002 0.074814
0 0.199918 0.735544 0.024413 0.104591
2 0.898283 0.498602 0.071703 0.087666
2 0.045671 0.429284 0.091175 0.109684
2 0.327133 0.369271 0.082020 0.077614
2 0.318252 0.154122 0.045341 0.043705
0 0.335446 0.528509 0.021112 0.080441
2 0.125814 0.972223 0.182821 0.053686
2 0.445688 0.263551 0.066051 0.061187
2 0.177957 0.119981 0.040114 0.037992
2 0.145469 0.205829 0.050704 0.050120
0 0.375126 0.488305 0.016482 0.089899
2 0.079023 0.135998 0.032276 0.040577
2 0.429554 0.206278 0.044950 0.044109
0 0.857690 0.430350 0.014050 0.069614
0 0.767391 0.417748 0.016331 0.065143
2 0.326310 0.308542 0.069445 0.074654
6 0.638209 0.343819 0.016951 0.035980
2 0.226815 0.127943 0.021076 0.028132
2 0.091139 0.092290 0.028871 0.032855
2 0.261123 0.303384 0.072290 0.069218
2 0.874995 0.297440 0.036605 0.050513
