4 0.206479 0.363114 0.139456 0.187771
0 0.256474 0.636602 0.019931 0.096185
2 0.752516 0.451452 0.094836 0.084337
2 0.331587 0.369267 0.068701 0.078580
2 0.413939 0.373212 0.087144 0.098432
0 0.207914 0.511481 0.013891 0.081895
2 0.936296 0.399098 0.088068 0.070211
0 0.322747 0.669160 0.023522 0.118587
0 0.355095 0.784844 0.044048 0.110977
0 0.169002 0.530545 0.022188 0.091180
0 0.131335 0.648713 0.020377 0.086632
2 0.318813 0.154048 0.043821 0.039987
0 0.277537 0.766275 0.021150 0.103520
0 0.306024 0.621736 0.019591 0.104014
2 0.251433 0.187923 0.042937 0.045227
2 0.610533 0.381085 0.032133 0.043339
2 0.045707 0.425645 0.091120 0.083644
0 0.062178 0.480111 0.023937 0.077520
6 0.119035 0.544429 0.012749 0.063516
2 0.334232 0.209932 0.045900 0.045231
2 0.241526 0.240037 0.048587 0.041476
2 0.381102 0.218094 0.042612 0.041291
5 0.515193 0.263740 0.050504 0.066148
0 0.638485 0.344716 0.018114 0.041392
2 0.346821 0.325169 0.071466 0.065490
2 0.147532 0.194746 0.050975 0.050823
4 0.515804 0.263945 0.050689 0.064176
