2 0.831268 0.869241 0.158761 0.187792
2 0.404930 0.579782 0.098688 0.122527
2 0.614565 0.594574 0.103843 0.114123
2 0.806488 0.484332 0.110654 0.092905
2 0.950284 0.869199 0.098795 0.162411
2 0.551050 0.726489 0.109538 0.152553
2 0.538336 0.618383 0.108906 0.106909
2 0.702383 0.375409 0.086222 0.067876
2 0.227658 0.409282 0.071966 0.088136
2 0.457544 0.479151 0.085657 0.091472
0 0.306960 0.883508 0.025563 0.135830
2 0.376407 0.463961 0.086076 0.102815
0 0.368565 0.932301 0.031567 0.125449
0 0.403624 0.932535 0.024743 0.122745
5 0.298000 0.432738 0.079765 0.168078
2 0.507143 0.444886 0.089051 0.100084
0 0.461091 0.903633 0.027287 0.124443
2 0.045469 0.431308 0.090728 0.102601
0 0.940555 0.410305 0.012193 0.061227
0 0.294178 0.763356 0.023026 0.072641
2 0.333422 0.368973 0.068365 0.074731
2 0.411025 0.201152 0.046330 0.037637
2 0.320727 0.152601 0.047773 0.048238
0 0.966808 0.410504 0.020598 0.077256
2 0.393883 0.371007 0.063408 0.072532
0 0.171924 0.680171 0.031680 0.115289
2 0.232099 0.153700 0.036258 0.059788
2 0.300048 0.294633 0.063975 0.055329
0 0.176494 0.700365 0.024424 0.085097
