2 0.624008 0.675205 0.123164 0.133925
2 0.516687 0.597279 0.101172 0.120020
2 0.937564 0.910628 0.123973 0.168154
2 0.960034 0.712535 0.079154 0.108946
2 0.877001 0.764102 0.157540 0.146293
2 0.336775 0.385831 0.070454 0.080139
2 0.767667 0.615873 0.128062 0.121901
2 0.218304 0.399632 0.063737 0.083939
2 0.681145 0.630066 0.127384 0.137144
2 0.618256 0.532251 0.100367 0.094990
2 0.419518 0.377645 0.065795 0.077172
2 0.157745 0.107901 0.035349 0.033255
2 0.268501 0.385568 0.063952 0.081882
2 0.045558 0.430696 0.090791 0.104106
4 0.496186 0.183246 0.115578 0.110506
2 0.311989 0.150754 0.046406 0.043551
2 0.532045 0.463233 0.088125 0.084630
2 0.935848 0.397693 0.087226 0.070661
2 0.266917 0.176616 0.045751 0.046295
2 0.551373 0.550969 0.070440 0.084111
2 0.219564 0.334555 0.058139 0.058649
2 0.237763 0.158829 0.066639 0.055006
2 0.254943 0.168715 0.069946 0.062893
6 0.638158 0.343314 0.017075 0.036815
2 0.370278 0.262503 0.063780 0.049174
