2 0.789392 0.634645 0.134166 0.132647
2 0.901266 0.915679 0.177107 0.168345
2 0.706563 0.664509 0.117373 0.127181
2 0.489494 0.578810 0.110322 0.125526
2 0.610893 0.679528 0.126892 0.158495
2 0.754624 0.810287 0.141720 0.167346
2 0.309254 0.426293 0.074128 0.085008
2 0.880852 0.788617 0.163987 0.184018
2 0.798368 0.526682 0.094712 0.082701
2 0.932464 0.712440 0.134434 0.153456
4 0.677540 0.294800 0.197555 0.194375
4 0.931940 0.444648 0.135437 0.199506
2 0.528665 0.314437 0.060372 0.059345
2 0.402096 0.493025 0.081988 0.095961
2 0.629913 0.584065 0.110646 0.114732
2 0.397141 0.414336 0.073752 0.074382
2 0.467498 0.475238 0.083521 0.091554
2 0.318449 0.152980 0.047119 0.044627
0 0.066198 0.581171 0.017333 0.087473
2 0.665056 0.545590 0.118195 0.112528
2 0.445056 0.218497 0.050239 0.042500
0 0.170904 0.529631 0.016832 0.088645
2 0.045548 0.431140 0.091087 0.100066
2 0.553227 0.515189 0.087618 0.133153
2 0.224905 0.136998 0.038718 0.034991
2 0.200907 0.076471 0.042755 0.032177
2 0.384155 0.190703 0.038781 0.039485
