2 0.564822 0.578062 0.100737 0.114429
2 0.916753 0.689686 0.149970 0.144985
2 0.936282 0.919147 0.126543 0.158760
2 0.630496 0.532833 0.105487 0.101259
2 0.388876 0.563519 0.103338 0.127963
2 0.251368 0.492955 0.084931 0.101096
2 0.345124 0.441662 0.072289 0.090073
4 0.194458 0.108081 0.080153 0.095289
2 0.437569 0.510816 0.077234 0.102699
0 0.369763 0.961698 0.023633 0.076605
2 0.045699 0.428951 0.091191 0.108838
2 0.162950 0.348030 0.051485 0.078614
2 0.322035 0.356939 0.067718 0.079417
2 0.229449 0.295385 0.040982 0.049990
2 0.187574 0.308243 0.060364 0.065178
2 0.929796 0.400117 0.079677 0.070776
2 0.468134 0.461354 0.058014 0.091473
2 0.337503 0.308911 0.047059 0.066444
0 0.891143 0.381048 0.014723 0.057203
2 0.321994 0.221014 0.051651 0.058906
2 0.244193 0.244720 0.031360 0.034337
5 0.446107 0.425522 0.099174 0.161389
