2 0.650769 0.542227 0.102233 0.106620
2 0.487871 0.572042 0.099253 0.112391
2 0.354535 0.453140 0.075124 0.093998
2 0.758626 0.533936 0.102990 0.088606
2 0.734480 0.732234 0.150401 0.183454
2 0.935409 0.838123 0.128928 0.159821
2 0.930452 0.932070 0.138406 0.135859
2 0.514914 0.504005 0.098440 0.117194
2 0.761554 0.459234 0.096805 0.084202
2 0.458896 0.411914 0.073876 0.081679
2 0.555219 0.703484 0.133983 0.182488
2 0.781872 0.932539 0.166382 0.128908
2 0.218378 0.337332 0.061667 0.080709
0 0.391202 0.905556 0.027613 0.125572
2 0.319192 0.153023 0.046565 0.042699
2 0.300289 0.341954 0.062619 0.069339
2 0.954312 0.402617 0.079498 0.066988
2 0.482901 0.287452 0.070219 0.056170
2 0.045561 0.431185 0.090933 0.102804
0 0.399969 0.921339 0.041881 0.150177
2 0.367137 0.401255 0.071767 0.084575
2 0.086163 0.173654 0.040095 0.047615
2 0.359746 0.224044 0.055407 0.048414
2 0.382857 0.344163 0.058358 0.068390
0 0.156504 0.533564 0.017204 0.090341
2 0.184177 0.205898 0.047484 0.054433
