2 0.728334 0.910354 0.145181 0.178458
2 0.941553 0.871414 0.116895 0.178942
2 0.576302 0.774728 0.127703 0.161815
2 0.463746 0.552960 0.093966 0.115710
2 0.831384 0.861409 0.162934 0.184481
4 0.899140 0.666974 0.200363 0.285259
2 0.796464 0.711976 0.127529 0.141075
2 0.290068 0.394736 0.084379 0.109483
2 0.224537 0.402565 0.060435 0.084183
2 0.371138 0.384354 0.068363 0.078743
0 0.026128 0.598894 0.018959 0.091695
0 0.170934 0.544709 0.015474 0.092685
2 0.853501 0.484303 0.106598 0.091054
2 0.187836 0.109773 0.038371 0.039788
2 0.045396 0.430464 0.090764 0.105638
2 0.573650 0.465371 0.097715 0.097872
5 0.620378 0.648240 0.240494 0.323039
0 0.050300 0.605860 0.017398 0.091243
0 0.195618 0.540882 0.019193 0.082193
0 0.194842 0.524394 0.015682 0.052202
2 0.357609 0.179416 0.053199 0.040809
2 0.319544 0.155025 0.043669 0.047561
0 0.904758 0.397466 0.011539 0.064576
0 0.921544 0.409511 0.014229 0.066642
2 0.279961 0.162207 0.042409 0.044874
0 0.963622 0.415735 0.013880 0.084159
6 0.638225 0.344046 0.017286 0.036870
0 0.051239 0.558685 0.015849 0.036906
0 0.947660 0.412614 0.012811 0.070277
