2 0.666731 0.810475 0.145717 0.188326
2 0.308980 0.492792 0.080561 0.099143
2 0.516173 0.696619 0.124561 0.145556
2 0.389529 0.587393 0.083623 0.118054
2 0.174499 0.357645 0.058837 0.076641
2 0.764070 0.470123 0.108550 0.103992
2 0.724799 0.763871 0.137788 0.159318
0 0.216415 0.627016 0.020647 0.093603
2 0.910063 0.818159 0.156090 0.156653
2 0.737119 0.689762 0.123703 0.132127
2 0.200589 0.116085 0.034584 0.037670
2 0.045569 0.430474 0.091138 0.102484
2 0.434149 0.267758 0.058806 0.049087
2 0.240140 0.311514 0.078299 0.077959
4 0.622177 0.474486 0.146093 0.222222
5 0.517553 0.553144 0.197533 0.264862
2 0.172434 0.239687 0.048227 0.054277
5 0.896092 0.902129 0.201997 0.191284
2 0.410550 0.200415 0.048873 0.036867
0 0.950482 0.415441 0.015868 0.080595
4 0.545923 0.436496 0.298108 0.292302
2 0.387263 0.491103 0.077274 0.100460
2 0.166638 0.137095 0.040000 0.039542
0 0.063744 0.572083 0.015179 0.061307
0 0.963434 0.414780 0.014275 0.085320
2 0.318443 0.152240 0.045836 0.041940
2 0.621892 0.596570 0.041184 0.070765
0 0.931448 0.408820 0.016529 0.063687
0 0.110987 0.696888 0.018285 0.090715
0 0.004575 0.605261 0.009000 0.079876
2 0.364689 0.329372 0.049053 0.070041
0 0.026813 0.592698 0.019194 0.097944
2 0.326421 0.196178 0.050004 0.042642
0 0.907967 0.399444 0.011287 0.057805
2 0.336592 0.353754 0.070658 0.113772
5 0.334478 0.354681 0.062758 0.112647
