2 0.635538 0.682763 0.124793 0.137856
2 0.534663 0.612940 0.105597 0.121597
2 0.218194 0.399331 0.063933 0.084400
0 0.382655 0.513013 0.026156 0.089882
0 0.246769 0.783097 0.022125 0.116339
2 0.516327 0.454340 0.082838 0.089124
2 0.809865 0.419023 0.098941 0.074799
2 0.558667 0.313534 0.072785 0.057706
2 0.267721 0.384890 0.065775 0.081900
2 0.935892 0.399144 0.086707 0.071354
2 0.338471 0.387996 0.072411 0.083586
2 0.045509 0.429871 0.090622 0.105012
2 0.227886 0.143491 0.041971 0.034400
2 0.358935 0.327257 0.065197 0.075857
2 0.418659 0.374808 0.067623 0.077309
2 0.988524 0.517320 0.022317 0.049751
2 0.164182 0.283090 0.052538 0.072230
