4 0.900506 0.658669 0.197577 0.276299
2 0.638886 0.839339 0.144204 0.173400
2 0.514935 0.596735 0.097800 0.124739
2 0.919477 0.919373 0.159996 0.158867
2 0.288851 0.394234 0.084100 0.110543
2 0.224914 0.402584 0.060574 0.083966
2 0.837550 0.741999 0.065639 0.139570
5 0.684673 0.696511 0.254654 0.327827
2 0.571085 0.352552 0.079735 0.070568
0 0.046291 0.606471 0.021154 0.089107
2 0.045389 0.430967 0.090738 0.104681
0 0.026770 0.598242 0.020218 0.093412
2 0.765972 0.547278 0.120254 0.113791
4 0.211692 0.195469 0.110480 0.121939
2 0.800844 0.942442 0.143320 0.113714
2 0.950618 0.850393 0.097987 0.115287
2 0.339834 0.378766 0.055375 0.072695
2 0.286599 0.157633 0.044411 0.037891
2 0.311765 0.201746 0.048429 0.044715
0 0.194715 0.544307 0.022954 0.084587
0 0.181095 0.543321 0.015449 0.088470
2 0.464975 0.269977 0.075364 0.079848
0 0.052186 0.590237 0.015484 0.102034
2 0.459208 0.248062 0.069235 0.045878
0 0.904449 0.398361 0.010306 0.064125
0 0.921593 0.410944 0.013814 0.069009
0 0.963634 0.415253 0.013396 0.085744
0 0.950916 0.414921 0.013139 0.075890
2 0.240673 0.338026 0.054216 0.061194
0 0.938073 0.409730 0.013001 0.071310
2 0.327603 0.151352 0.029834 0.048438
0 0.933732 0.409928 0.012861 0.070039
