2 0.687369 0.744553 0.130269 0.148390
2 0.294716 0.461136 0.087087 0.121436
2 0.851486 0.590692 0.094838 0.115551
2 0.455292 0.636942 0.104829 0.126821
2 0.644983 0.541344 0.118844 0.138901
2 0.392700 0.478002 0.086207 0.119914
2 0.216406 0.604907 0.070594 0.124944
2 0.204037 0.326016 0.058126 0.065402
0 0.073199 0.492224 0.015950 0.084384
2 0.954414 0.403340 0.079948 0.065028
2 0.373796 0.399006 0.077082 0.070071
2 0.319543 0.152824 0.046454 0.043026
2 0.295056 0.335755 0.068899 0.084466
2 0.045110 0.433984 0.090075 0.109563
2 0.477054 0.485360 0.080801 0.101675
2 0.336696 0.309112 0.041543 0.065532
2 0.486724 0.425272 0.067801 0.075872
0 0.148352 0.542764 0.013088 0.079981
2 0.156601 0.290205 0.033929 0.033639
2 0.183302 0.249107 0.035923 0.038399
