4 0.819965 0.590834 0.347139 0.319489
2 0.406726 0.510299 0.084953 0.098293
2 0.329263 0.515602 0.092823 0.123966
2 0.706569 0.672771 0.115109 0.132300
2 0.698154 0.776682 0.138861 0.164924
2 0.915999 0.951453 0.143127 0.097093
2 0.936388 0.800974 0.126288 0.147704
2 0.591857 0.500968 0.110464 0.125554
2 0.438950 0.395021 0.068329 0.075453
2 0.342218 0.376527 0.062780 0.074315
2 0.045450 0.430752 0.090747 0.105508
0 0.073284 0.609833 0.020074 0.100573
2 0.907373 0.523226 0.112069 0.094467
2 0.921804 0.399559 0.072799 0.073035
2 0.298065 0.215995 0.054126 0.044680
5 0.469590 0.250515 0.056323 0.070410
2 0.317943 0.154587 0.044999 0.044908
2 0.190429 0.136111 0.036271 0.035547
0 0.091587 0.605599 0.019319 0.093099
2 0.339055 0.316011 0.059216 0.063221
2 0.358637 0.206667 0.047967 0.040902
2 0.202360 0.250616 0.032029 0.025620
0 0.994065 0.402683 0.010992 0.080373
2 0.131806 0.208229 0.019478 0.032631
0 0.958543 0.419084 0.024041 0.076061
