2 0.547041 0.746504 0.104628 0.152180
4 0.885735 0.645911 0.227783 0.283445
2 0.742930 0.913624 0.166980 0.172752
2 0.764420 0.801488 0.145429 0.164972
2 0.768420 0.701698 0.139015 0.159545
2 0.938201 0.851684 0.123046 0.149461
2 0.224113 0.401703 0.060881 0.083387
2 0.447469 0.638693 0.104033 0.131241
2 0.955813 0.950891 0.087648 0.098218
2 0.045474 0.430642 0.090949 0.100829
2 0.283411 0.389000 0.084230 0.104749
0 0.194928 0.538018 0.019911 0.084378
5 0.578560 0.592908 0.220974 0.339267
0 0.904578 0.399116 0.011398 0.063144
0 0.024819 0.599725 0.017253 0.093510
2 0.319310 0.153825 0.050369 0.045715
2 0.371382 0.186040 0.044221 0.037350
2 0.449684 0.546236 0.072161 0.103319
0 0.947286 0.411270 0.016453 0.081097
2 0.363564 0.381526 0.068863 0.117539
0 0.054469 0.587777 0.015966 0.094712
2 0.243031 0.141788 0.037286 0.036411
2 0.273027 0.309095 0.067339 0.066157
0 0.005723 0.604845 0.011446 0.090729
0 0.963976 0.414614 0.014766 0.087999
5 0.362680 0.382444 0.067156 0.114542
0 0.927401 0.400472 0.012113 0.068595
2 0.230708 0.330142 0.042448 0.059965
2 0.409905 0.226320 0.057521 0.049730
2 0.515924 0.450630 0.073458 0.061488
2 0.638375 0.344457 0.018237 0.038603
0 0.836160 0.391371 0.015012 0.060128
