2 0.873292 0.538369 0.093657 0.093828
4 0.206506 0.363646 0.138860 0.187812
2 0.331787 0.369741 0.067650 0.078828
2 0.952060 0.484686 0.095290 0.080919
2 0.413820 0.373326 0.087454 0.097183
0 0.251452 0.683592 0.025731 0.113110
0 0.347587 0.786729 0.027534 0.109648
0 0.324795 0.692706 0.026985 0.141847
2 0.208163 0.143873 0.038244 0.036172
2 0.470569 0.292771 0.066193 0.059610
0 0.167452 0.677996 0.024047 0.095817
2 0.937082 0.396774 0.089852 0.073295
0 0.288279 0.673997 0.019528 0.102279
2 0.045687 0.431617 0.090535 0.097143
0 0.280954 0.581703 0.021096 0.094206
2 0.324701 0.155810 0.031315 0.039390
2 0.391749 0.206196 0.043594 0.049074
2 0.241422 0.239957 0.048570 0.040390
0 0.073114 0.569536 0.020887 0.088863
0 0.285534 0.780227 0.019481 0.088640
2 0.141075 0.123526 0.032639 0.030502
2 0.569292 0.352159 0.081628 0.074479
2 0.294190 0.167396 0.040661 0.042222
0 0.322756 0.653044 0.024616 0.090702
2 0.307221 0.159767 0.068158 0.050618
2 0.184332 0.209839 0.047729 0.048322
2 0.347385 0.325548 0.069571 0.066407
