2 0.886776 0.906226 0.182118 0.183959
2 0.707776 0.762483 0.145605 0.180676
2 0.872605 0.758691 0.155051 0.177567
2 0.523430 0.610123 0.118501 0.124578
2 0.616706 0.694317 0.156707 0.122712
2 0.442364 0.531431 0.089187 0.107112
2 0.308388 0.424832 0.076370 0.085873
2 0.726291 0.437772 0.093705 0.078956
2 0.801234 0.535823 0.097802 0.090446
2 0.212450 0.395626 0.066157 0.080143
2 0.942086 0.556182 0.114635 0.090400
2 0.903829 0.474590 0.110407 0.075978
2 0.405800 0.366644 0.074045 0.087648
2 0.972754 0.901139 0.053785 0.146560
2 0.153773 0.415428 0.053049 0.083983
2 0.569486 0.384304 0.082154 0.070674
2 0.045423 0.431332 0.090637 0.100608
2 0.240169 0.348001 0.059766 0.079847
0 0.474283 0.476375 0.018531 0.070836
2 0.194991 0.317271 0.035270 0.049272
2 0.328700 0.368076 0.072889 0.076359
5 0.318605 0.153097 0.045701 0.046886
2 0.444894 0.219470 0.050906 0.043102
0 0.966326 0.405357 0.019247 0.083040
2 0.170524 0.354321 0.041950 0.043166
2 0.382759 0.188800 0.040046 0.036614
2 0.326335 0.324578 0.057149 0.066779
2 0.176374 0.244961 0.031227 0.043805
