4 0.206279 0.364785 0.139380 0.185550
2 0.837976 0.532995 0.105666 0.082915
0 0.281215 0.771726 0.023918 0.110181
2 0.332172 0.369422 0.067563 0.079158
2 0.415549 0.371675 0.083388 0.098759
0 0.486095 0.497879 0.018443 0.079593
2 0.896405 0.500818 0.074752 0.077752
2 0.045397 0.430340 0.090593 0.106754
2 0.938582 0.400933 0.085399 0.068340
2 0.984050 0.627047 0.031339 0.071230
0 0.655941 0.439828 0.016759 0.081372
2 0.237814 0.142873 0.041305 0.039937
0 0.692176 0.442912 0.014315 0.066967
2 0.348182 0.180660 0.056705 0.041131
0 0.752942 0.434806 0.013295 0.070495
2 0.318680 0.152694 0.044629 0.041109
2 0.101955 0.154367 0.030500 0.038621
2 0.092996 0.229490 0.039841 0.052303
2 0.228726 0.230673 0.041547 0.042104
4 0.444631 0.160517 0.108197 0.095409
0 0.515456 0.470879 0.012696 0.070203
0 0.829264 0.439150 0.015975 0.070932
0 0.790832 0.421943 0.012913 0.072100
0 0.879186 0.324328 0.011872 0.048461
0 0.889839 0.426543 0.018156 0.070222
2 0.646238 0.502920 0.077425 0.063947
6 0.637976 0.343612 0.017334 0.036228
2 0.145270 0.225864 0.039387 0.052595
