2 0.869765 0.567271 0.112933 0.106870
2 0.672489 0.379264 0.073372 0.067682
2 0.288708 0.395281 0.083618 0.107942
2 0.224316 0.403367 0.061718 0.083347
2 0.045453 0.431691 0.090657 0.102103
2 0.506005 0.310971 0.057330 0.058463
0 0.221868 0.752066 0.021962 0.103546
2 0.337653 0.378171 0.060618 0.071627
0 0.244940 0.742524 0.021877 0.097442
0 0.943981 0.406932 0.015636 0.063536
2 0.482570 0.268723 0.052395 0.050031
0 0.272320 0.719797 0.023425 0.127496
0 0.918493 0.324350 0.015278 0.083956
2 0.316245 0.153386 0.038706 0.043005
0 0.133065 0.605796 0.019776 0.080422
2 0.168969 0.363383 0.052846 0.073274
4 0.400410 0.332736 0.105381 0.152121
5 0.167572 0.361771 0.056236 0.081735
0 0.257638 0.707172 0.019319 0.095123
5 0.237990 0.209017 0.078747 0.108738
0 0.959782 0.410879 0.013322 0.089842
