2 0.927500 0.859952 0.144012 0.198490
2 0.154176 0.920072 0.241126 0.155495
2 0.951145 0.553093 0.096194 0.088463
2 0.531113 0.329476 0.070246 0.065737
2 0.686139 0.439303 0.094291 0.078660
2 0.419988 0.375176 0.090250 0.098558
2 0.797255 0.514388 0.090767 0.109252
2 0.320421 0.153319 0.044058 0.044930
0 0.493752 0.492459 0.018064 0.081111
2 0.762671 0.428530 0.086988 0.069868
2 0.851203 0.971400 0.148071 0.056892
2 0.361768 0.390378 0.062618 0.083916
0 0.267969 0.519855 0.014841 0.082617
2 0.205443 0.395048 0.066093 0.080277
2 0.264797 0.391280 0.066489 0.079899
2 0.046406 0.432038 0.092650 0.104768
2 0.412547 0.291808 0.061024 0.056565
2 0.306859 0.357100 0.065438 0.076851
2 0.982125 0.965116 0.034885 0.069768
2 0.091421 0.141159 0.039609 0.040506
2 0.937451 0.402874 0.046474 0.058030
2 0.141592 0.407044 0.061072 0.084885
2 0.232081 0.324160 0.060001 0.055462
5 0.952750 0.402939 0.077504 0.063211
0 0.890968 0.428086 0.017351 0.071694
