2 0.528336 0.630970 0.105458 0.127266
4 0.800624 0.598561 0.337444 0.339384
2 0.744833 0.852699 0.134262 0.196480
2 0.640992 0.615283 0.110144 0.124426
2 0.796991 0.723584 0.162815 0.173232
2 0.273945 0.384920 0.063855 0.076252
2 0.965008 0.940213 0.069394 0.117065
2 0.406012 0.365487 0.062656 0.077822
2 0.564264 0.485897 0.102587 0.127717
2 0.244168 0.301973 0.059800 0.061946
2 0.161964 0.339499 0.049862 0.091615
2 0.567825 0.356652 0.085447 0.077446
2 0.045513 0.430950 0.091027 0.103261
2 0.295174 0.189841 0.044742 0.040466
0 0.042696 0.581998 0.020965 0.100386
2 0.922670 0.401352 0.076128 0.073494
5 0.702426 0.368543 0.077835 0.087472
2 0.143711 0.215669 0.037430 0.049726
2 0.534165 0.303275 0.066576 0.049103
0 0.869442 0.391610 0.013218 0.066525
2 0.461513 0.224696 0.051097 0.046610
6 0.118977 0.536774 0.012335 0.057207
0 0.057594 0.567326 0.015081 0.080680
2 0.321925 0.153730 0.051145 0.046519
0 0.057619 0.546791 0.013367 0.044062
