2 0.686129 0.737941 0.134105 0.156012
2 0.794401 0.740015 0.129208 0.139288
2 0.885630 0.493616 0.110596 0.111545
2 0.224531 0.402876 0.061074 0.083232
2 0.288736 0.394157 0.083035 0.108831
2 0.045511 0.430888 0.090957 0.109651
5 0.639179 0.587990 0.097956 0.159544
0 0.446655 0.491500 0.017481 0.077908
0 0.028796 0.598557 0.018791 0.093451
4 0.371791 0.319283 0.161399 0.173352
0 0.064698 0.592320 0.017338 0.101926
2 0.339541 0.378060 0.056900 0.070726
0 0.045909 0.613866 0.021180 0.073785
2 0.322421 0.154358 0.052337 0.046931
5 0.911978 0.852350 0.174655 0.285010
0 0.417257 0.492752 0.015494 0.070205
0 0.800724 0.418314 0.014440 0.069159
0 0.835374 0.431349 0.014105 0.066218
0 0.779814 0.445103 0.019605 0.075986
0 0.764660 0.411660 0.017087 0.065965
2 0.145062 0.100953 0.030763 0.029933
0 0.952928 0.420205 0.013278 0.071180
2 0.264250 0.332279 0.093456 0.068262
6 0.638227 0.344235 0.017206 0.037526
