2 0.635343 0.683456 0.125672 0.137330
2 0.534688 0.612921 0.105424 0.120814
2 0.218648 0.399957 0.063769 0.083993
2 0.516142 0.454306 0.082141 0.089645
4 0.832692 0.400024 0.268609 0.219343
0 0.246231 0.783456 0.021322 0.115103
2 0.267482 0.386877 0.066951 0.085352
2 0.673616 0.442207 0.099869 0.087687
2 0.045331 0.430296 0.090661 0.107025
2 0.337677 0.388494 0.073484 0.083348
2 0.160416 0.337901 0.042954 0.082407
2 0.334340 0.170504 0.040679 0.041975
2 0.360550 0.326809 0.063599 0.078200
2 0.418230 0.376057 0.070562 0.080928
0 0.009584 0.617534 0.019169 0.108264
2 0.191508 0.108189 0.038753 0.045158
2 0.188738 0.253276 0.037008 0.043901
2 0.231916 0.237522 0.040741 0.050378
