2 0.635764 0.682468 0.124089 0.137702
2 0.535059 0.613373 0.104874 0.119946
2 0.218356 0.399522 0.063955 0.084184
2 0.936299 0.399194 0.087616 0.071162
0 0.247393 0.783721 0.022503 0.115005
2 0.267456 0.384914 0.065883 0.082817
2 0.516373 0.454965 0.082591 0.086244
2 0.045357 0.430992 0.090637 0.108590
2 0.337565 0.387516 0.074060 0.085054
2 0.420944 0.260278 0.066702 0.069249
2 0.470970 0.251301 0.046612 0.050800
2 0.359382 0.326883 0.063303 0.078270
2 0.418479 0.373677 0.068325 0.081585
0 0.508581 0.476167 0.027319 0.107469
2 0.220153 0.145961 0.042622 0.039134
2 0.119860 0.250621 0.053000 0.059039
2 0.160857 0.234515 0.042307 0.045483
