2 0.635612 0.682993 0.124503 0.137708
2 0.534181 0.612848 0.104831 0.120947
2 0.515971 0.454297 0.082049 0.089078
2 0.218435 0.399527 0.063582 0.084162
2 0.954708 0.946718 0.089360 0.101662
0 0.245450 0.784112 0.019624 0.114771
2 0.268836 0.386397 0.063907 0.083217
2 0.935502 0.398974 0.087799 0.071682
2 0.337776 0.387832 0.073192 0.084089
2 0.045397 0.430527 0.090794 0.105460
2 0.016682 0.954655 0.033073 0.082493
2 0.584430 0.324804 0.062861 0.063563
2 0.418397 0.376416 0.070370 0.078815
2 0.359478 0.327703 0.064259 0.076518
2 0.155106 0.329944 0.037773 0.079888
2 0.184519 0.110990 0.032514 0.030523
2 0.277526 0.179446 0.042902 0.046453
2 0.125461 0.094659 0.025614 0.031740
2 0.189212 0.253625 0.037878 0.046985
2 0.231412 0.235366 0.038904 0.046378
2 0.220722 0.334582 0.054214 0.055607
0 0.889668 0.382175 0.014230 0.052906
