2 0.885693 0.903565 0.181584 0.185193
2 0.843082 0.736872 0.149548 0.174223
2 0.686830 0.742716 0.143109 0.179573
2 0.523152 0.609455 0.118336 0.125163
2 0.441915 0.530882 0.087654 0.108003
2 0.308883 0.426038 0.075745 0.083335
2 0.852576 0.492802 0.117657 0.082951
2 0.213853 0.395791 0.063302 0.080480
2 0.397471 0.357778 0.069894 0.084877
2 0.452755 0.305252 0.055432 0.056899
0 0.768536 0.435528 0.021263 0.077447
2 0.947475 0.571212 0.104228 0.094177
2 0.972206 0.899739 0.054566 0.144627
2 0.152146 0.415876 0.055422 0.086287
0 0.362702 0.495256 0.015053 0.082493
2 0.045389 0.430865 0.090729 0.104293
2 0.284350 0.335476 0.069281 0.075041
0 0.482866 0.467894 0.015234 0.068735
2 0.950384 0.488721 0.091056 0.079874
2 0.213938 0.319921 0.040743 0.062410
2 0.099143 0.226945 0.036789 0.054107
2 0.444493 0.219565 0.051134 0.040733
2 0.154228 0.232078 0.045414 0.049566
0 0.832594 0.423549 0.016656 0.066928
2 0.645100 0.512494 0.072498 0.043874
2 0.383210 0.189077 0.040651 0.037067
5 0.318897 0.152628 0.046626 0.044724
6 0.638191 0.344087 0.017577 0.036635
2 0.318568 0.153318 0.043893 0.042045
