2 0.288431 0.395265 0.082717 0.106097
2 0.816304 0.442656 0.098009 0.080057
2 0.224313 0.402678 0.060702 0.083456
2 0.976643 0.526878 0.046138 0.063490
0 0.207548 0.516341 0.019084 0.078929
0 0.317860 0.530456 0.014338 0.080565
2 0.923565 0.934567 0.151723 0.124189
0 0.144287 0.653576 0.022135 0.106182
2 0.668420 0.412911 0.097900 0.091482
2 0.554173 0.312781 0.079982 0.058190
0 0.066386 0.560120 0.018857 0.100422
2 0.045577 0.433028 0.091154 0.105361
0 0.289679 0.590696 0.027260 0.094982
0 0.274769 0.588119 0.019646 0.089537
0 0.102415 0.655691 0.020074 0.088432
2 0.149442 0.129452 0.039083 0.038509
2 0.338118 0.378370 0.059485 0.070667
4 0.359809 0.314808 0.183212 0.178999
0 0.126304 0.654974 0.017139 0.093364
0 0.944534 0.409642 0.012978 0.073934
2 0.321378 0.153654 0.049918 0.046536
0 0.910704 0.380054 0.014774 0.060027
2 0.167661 0.361413 0.056422 0.079366
0 0.081919 0.562902 0.018484 0.086254
4 0.416665 0.146675 0.106936 0.104498
0 0.957750 0.414122 0.009482 0.078790
4 0.400428 0.326560 0.103968 0.163507
5 0.167393 0.361643 0.056382 0.082983
0 0.881412 0.326945 0.011646 0.045823
