4 0.211698 0.365169 0.149129 0.191640
2 0.333055 0.370820 0.069549 0.077431
2 0.414242 0.373160 0.085424 0.098875
2 0.733727 0.383461 0.092678 0.069484
2 0.936345 0.398867 0.087733 0.071865
0 0.200364 0.713553 0.021784 0.101464
0 0.261920 0.726036 0.021343 0.110801
0 0.353969 0.785830 0.038481 0.114205
0 0.248454 0.607396 0.027441 0.104892
2 0.226884 0.129133 0.034121 0.031054
2 0.045532 0.430287 0.091064 0.108549
0 0.325436 0.728570 0.029944 0.134436
0 0.316715 0.690825 0.020929 0.089334
2 0.294310 0.163997 0.037809 0.053088
0 0.286604 0.702797 0.024795 0.075249
0 0.074371 0.643627 0.030396 0.129174
2 0.324272 0.155735 0.031973 0.042064
2 0.308337 0.157370 0.063617 0.045863
2 0.495175 0.238754 0.061582 0.053295
0 0.285990 0.745144 0.026470 0.165658
2 0.345541 0.323628 0.072333 0.058446
2 0.605652 0.368572 0.068828 0.087509
2 0.197227 0.107017 0.033323 0.026486
2 0.241026 0.240221 0.049659 0.042604
2 0.272689 0.306537 0.067634 0.066324
2 0.368253 0.201413 0.043717 0.045967
0 0.066123 0.503164 0.022408 0.084706
