4 0.898596 0.661311 0.201523 0.285129
2 0.639897 0.840884 0.129103 0.173961
2 0.789354 0.821101 0.147518 0.174150
2 0.938983 0.863316 0.121368 0.172328
2 0.289376 0.397115 0.083526 0.104351
2 0.224651 0.402693 0.060170 0.083975
2 0.504206 0.699053 0.111862 0.141297
2 0.789793 0.716442 0.145716 0.153513
2 0.835496 0.963906 0.148543 0.072188
5 0.565845 0.620432 0.304387 0.294749
2 0.469696 0.410039 0.083021 0.105393
0 0.194556 0.539892 0.015777 0.083309
0 0.027260 0.603189 0.020381 0.100985
5 0.437204 0.434221 0.073599 0.126154
2 0.277770 0.159936 0.046817 0.045742
2 0.045418 0.430804 0.090800 0.105430
0 0.167019 0.543379 0.015141 0.089717
0 0.903837 0.397725 0.010858 0.067756
2 0.307061 0.332008 0.063061 0.071655
2 0.319574 0.154653 0.042985 0.048433
2 0.358368 0.180440 0.052863 0.040408
0 0.052992 0.572452 0.013784 0.063127
0 0.923526 0.406919 0.013481 0.067471
2 0.455911 0.552534 0.083743 0.115051
0 0.948349 0.413481 0.014779 0.074309
0 0.963560 0.414052 0.014076 0.089182
2 0.153852 0.094644 0.024702 0.030532
0 0.052524 0.592409 0.017397 0.101049
6 0.638309 0.343957 0.017199 0.036776
0 0.838395 0.391178 0.017931 0.061634
