4 0.899559 0.659201 0.199454 0.286419
2 0.662517 0.863957 0.148027 0.184780
2 0.924787 0.927005 0.149181 0.145663
2 0.288844 0.395392 0.083927 0.107708
2 0.224407 0.402044 0.061077 0.082034
5 0.727724 0.731234 0.284277 0.357241
2 0.218894 0.158848 0.041712 0.042688
2 0.810715 0.542223 0.102309 0.090801
2 0.544569 0.623193 0.098577 0.132728
2 0.260886 0.151557 0.041301 0.040076
0 0.045691 0.601139 0.022223 0.100644
2 0.950255 0.848105 0.098589 0.109583
2 0.045397 0.430931 0.090754 0.106481
2 0.153893 0.228589 0.046886 0.061832
0 0.028815 0.597015 0.018355 0.095030
2 0.806595 0.948058 0.140677 0.103062
2 0.320107 0.152452 0.045312 0.044258
0 0.193857 0.545174 0.027876 0.090849
2 0.338384 0.378697 0.058609 0.073060
0 0.903981 0.399372 0.010798 0.063491
2 0.420281 0.256473 0.065519 0.072394
0 0.053062 0.583811 0.014364 0.085237
0 0.964128 0.414545 0.014880 0.084309
2 0.176707 0.104577 0.024786 0.029949
4 0.728250 0.730754 0.279445 0.364802
5 0.550330 0.515241 0.087842 0.129238
0 0.921405 0.408414 0.013519 0.070865
6 0.638135 0.343809 0.017296 0.036840
0 0.948321 0.415914 0.013908 0.070778
0 0.036342 0.600634 0.028918 0.100376
2 0.104182 0.077951 0.021370 0.030575
0 0.932523 0.409135 0.011747 0.069477
2 0.160047 0.108051 0.040288 0.039257
