2 0.886086 0.909862 0.171509 0.178067
2 0.821878 0.738404 0.151473 0.168133
2 0.930544 0.711749 0.138157 0.153218
2 0.870875 0.573390 0.131531 0.095278
2 0.506279 0.587086 0.108369 0.139193
2 0.723626 0.594598 0.127801 0.127018
2 0.652764 0.623086 0.114620 0.115536
2 0.669169 0.730178 0.130527 0.150027
2 0.907600 0.472675 0.111363 0.080539
2 0.377917 0.482619 0.094363 0.098676
2 0.228767 0.355934 0.060094 0.074535
2 0.324378 0.907492 0.226760 0.182777
2 0.302126 0.409296 0.073183 0.084868
2 0.558827 0.536313 0.104991 0.109015
2 0.717643 0.425358 0.090164 0.071661
2 0.781147 0.531223 0.099918 0.085257
2 0.410800 0.431902 0.069698 0.087973
2 0.474433 0.450668 0.072173 0.128123
2 0.959201 0.897478 0.080674 0.177398
2 0.319264 0.153009 0.044696 0.042514
0 0.335808 0.795699 0.022424 0.084458
2 0.499916 0.313896 0.066243 0.064551
0 0.055807 0.564322 0.023763 0.107479
2 0.294091 0.217658 0.051820 0.046100
2 0.045497 0.432356 0.090993 0.103525
2 0.570370 0.480881 0.100089 0.105085
2 0.320838 0.355421 0.061176 0.073895
0 0.158177 0.537633 0.016146 0.088231
0 0.887599 0.322074 0.013549 0.063673
2 0.534430 0.280236 0.059290 0.076666
