2 0.861959 0.577443 0.099741 0.104869
4 0.206772 0.362530 0.139894 0.188511
2 0.683161 0.415567 0.092295 0.076491
2 0.949911 0.861762 0.099460 0.137967
2 0.414020 0.372235 0.087391 0.099020
2 0.332089 0.369373 0.067327 0.078074
0 0.231396 0.687132 0.020252 0.100907
2 0.950255 0.482519 0.098812 0.090487
2 0.566776 0.382363 0.075356 0.069186
0 0.292066 0.522286 0.021300 0.090199
0 0.239027 0.522558 0.025727 0.088028
0 0.345012 0.784902 0.030104 0.109221
2 0.317960 0.152845 0.045215 0.042811
2 0.640783 0.359890 0.069356 0.068446
2 0.791078 0.389886 0.074716 0.085667
2 0.936862 0.397808 0.090235 0.070856
2 0.978492 0.633802 0.042414 0.105812
0 0.172869 0.500019 0.020402 0.083030
0 0.426215 0.518409 0.019322 0.089304
0 0.356775 0.591424 0.020281 0.096207
0 0.330225 0.555453 0.019432 0.088809
2 0.045466 0.429040 0.090931 0.098672
0 0.355778 0.562771 0.024652 0.126393
0 0.064502 0.565199 0.015053 0.060790
0 0.377302 0.546642 0.018575 0.090101
0 0.355578 0.500502 0.019499 0.063011
0 0.004952 0.537994 0.009844 0.083388
