2 0.255920 0.437265 0.077050 0.089949
2 0.389762 0.596193 0.103130 0.122299
2 0.714706 0.697084 0.127654 0.144987
2 0.577392 0.740047 0.137760 0.172071
2 0.503331 0.555567 0.094145 0.113689
5 0.566953 0.509374 0.141770 0.195221
2 0.791678 0.618277 0.130906 0.125796
2 0.158839 0.331450 0.039052 0.067730
2 0.403584 0.486669 0.084922 0.100485
2 0.045569 0.430853 0.090884 0.107765
2 0.374419 0.338718 0.067771 0.076072
2 0.243437 0.164081 0.044290 0.049417
2 0.279642 0.330580 0.053863 0.067792
2 0.404104 0.422855 0.076973 0.079790
2 0.932915 0.400418 0.081442 0.070051
2 0.240986 0.351652 0.070750 0.093082
2 0.178838 0.307176 0.035282 0.042306
2 0.311376 0.295700 0.047161 0.052043
2 0.251232 0.243127 0.035853 0.035450
6 0.638230 0.343276 0.016604 0.037293
