2 0.605566 0.752973 0.132450 0.170911
2 0.473107 0.654329 0.111205 0.135106
2 0.347253 0.537935 0.073820 0.111423
2 0.674568 0.410039 0.084270 0.079770
2 0.251712 0.438290 0.071805 0.085583
2 0.911424 0.909032 0.169493 0.181937
2 0.672508 0.720322 0.127336 0.144272
2 0.847641 0.766648 0.143910 0.139434
2 0.353537 0.457204 0.078487 0.092355
0 0.241685 0.662095 0.025529 0.100226
5 0.774439 0.858533 0.144345 0.252542
2 0.958703 0.707535 0.081963 0.134016
2 0.171325 0.103860 0.033174 0.031030
2 0.045371 0.430689 0.090658 0.105966
2 0.703108 0.661154 0.113523 0.131003
2 0.336501 0.222428 0.053243 0.047220
2 0.947170 0.536678 0.105086 0.092375
0 0.949859 0.414789 0.015620 0.076086
0 0.180816 0.712094 0.019299 0.092288
2 0.411250 0.201137 0.045668 0.033921
0 0.050272 0.595519 0.022243 0.096890
2 0.982118 0.921192 0.035202 0.123202
2 0.287029 0.158297 0.040805 0.042560
2 0.324035 0.153112 0.038497 0.048161
0 0.165716 0.714932 0.020275 0.100500
2 0.173057 0.201439 0.043460 0.050882
5 0.495593 0.526130 0.205266 0.251552
0 0.961832 0.413467 0.015999 0.084427
4 0.482569 0.368206 0.173815 0.160971
0 0.955338 0.415627 0.018779 0.081378
0 0.005503 0.678948 0.010810 0.052064
2 0.277650 0.318994 0.057201 0.094105
2 0.302865 0.290109 0.043026 0.050352
0 0.004483 0.583429 0.008900 0.096674
