4 0.759325 0.570527 0.318949 0.312507
2 0.597624 0.585926 0.114508 0.124247
2 0.706717 0.748495 0.162962 0.197776
2 0.300033 0.488285 0.069606 0.097536
2 0.806206 0.925072 0.152966 0.148257
2 0.954078 0.877334 0.091210 0.138680
2 0.233573 0.414305 0.071671 0.086187
0 0.420111 0.956781 0.027361 0.085173
5 0.395589 0.465031 0.144393 0.205630
2 0.158835 0.330174 0.046352 0.086704
2 0.045456 0.430064 0.090889 0.106933
0 0.394117 0.963198 0.023680 0.073604
2 0.081976 0.133632 0.032435 0.038064
2 0.241247 0.349942 0.061021 0.072928
2 0.904167 0.405699 0.067645 0.077008
2 0.322342 0.153703 0.054064 0.050648
2 0.156924 0.180764 0.045752 0.052005
0 0.365451 0.965274 0.021836 0.069451
2 0.480392 0.234198 0.054759 0.040702
2 0.257450 0.308319 0.070908 0.077770
0 0.358905 0.967627 0.015395 0.064746
0 0.955537 0.421290 0.017802 0.066951
0 0.408235 0.958050 0.046574 0.083899
