2 0.517359 0.598105 0.102254 0.119186
2 0.623294 0.674704 0.124142 0.136310
2 0.943488 0.829159 0.111961 0.168787
2 0.926863 0.693106 0.145626 0.130363
2 0.522248 0.462750 0.090783 0.088519
2 0.754900 0.684666 0.146167 0.150933
2 0.336700 0.385680 0.071021 0.079946
2 0.218270 0.399670 0.063903 0.084150
2 0.586176 0.564618 0.108305 0.092134
2 0.045518 0.430600 0.090978 0.107593
2 0.268917 0.385674 0.062982 0.081341
2 0.205683 0.159606 0.043840 0.047112
4 0.498136 0.181834 0.112100 0.113129
2 0.419584 0.377282 0.065535 0.076164
2 0.936145 0.395918 0.088165 0.063934
2 0.254881 0.145560 0.035163 0.037256
2 0.304622 0.147446 0.047608 0.043914
2 0.699622 0.576926 0.123356 0.091867
2 0.219649 0.334520 0.057951 0.059229
2 0.128966 0.110287 0.027547 0.032056
0 0.249290 0.784473 0.017791 0.113512
0 0.991745 0.960666 0.015653 0.078282
6 0.638263 0.343447 0.016954 0.036536
4 0.385277 0.136177 0.120622 0.107348
2 0.140001 0.104302 0.030206 0.031773
