2 0.584477 0.760167 0.127515 0.157926
2 0.815619 0.852152 0.152634 0.174253
2 0.956338 0.601598 0.086745 0.105735
2 0.064334 0.764152 0.128668 0.159703
2 0.841212 0.654889 0.163197 0.175564
2 0.502185 0.567150 0.103946 0.136710
2 0.623466 0.603782 0.098203 0.119079
2 0.396433 0.558261 0.104529 0.145066
2 0.270452 0.384955 0.062539 0.075917
2 0.677215 0.437309 0.089503 0.085213
2 0.345954 0.373846 0.074837 0.090727
2 0.605681 0.504179 0.087461 0.084629
2 0.191367 0.312995 0.054494 0.060611
2 0.460396 0.474086 0.084983 0.095219
2 0.319149 0.152835 0.046538 0.044088
2 0.045684 0.431812 0.091109 0.101681
2 0.954185 0.402421 0.079235 0.066496
2 0.399434 0.356844 0.065342 0.072014
0 0.088490 0.508297 0.014377 0.095365
2 0.272225 0.319277 0.055396 0.067771
