2 0.634651 0.623351 0.110761 0.127441
4 0.828652 0.596720 0.342619 0.310833
2 0.695222 0.774778 0.138504 0.158146
2 0.813468 0.762315 0.142261 0.173937
2 0.452317 0.614479 0.112567 0.143386
0 0.250610 0.702939 0.023680 0.115867
0 0.226940 0.711681 0.025905 0.122427
2 0.593500 0.508844 0.097598 0.101823
2 0.450963 0.464158 0.097487 0.096259
2 0.694634 0.377326 0.086661 0.078591
2 0.501217 0.305862 0.070971 0.095701
2 0.490657 0.571274 0.098729 0.109838
2 0.294082 0.209341 0.049969 0.051598
2 0.045481 0.429428 0.090670 0.101519
2 0.508100 0.449390 0.076448 0.085530
2 0.157174 0.217759 0.044625 0.055222
2 0.319885 0.152100 0.039449 0.043720
2 0.401996 0.226874 0.046846 0.053072
6 0.118859 0.537136 0.012935 0.058382
2 0.935796 0.851186 0.127164 0.287894
2 0.501368 0.241961 0.069488 0.057272
2 0.276517 0.156226 0.034094 0.036972
2 0.451154 0.392426 0.065073 0.070048
5 0.935355 0.848104 0.129042 0.288100
