2 0.899990 0.542663 0.120840 0.095970
2 0.915665 0.842536 0.161369 0.195514
0 0.707820 0.429668 0.015647 0.076720
2 0.966001 0.524221 0.067262 0.083150
2 0.974382 0.957748 0.050405 0.084503
2 0.206708 0.394152 0.064226 0.082056
2 0.045929 0.431402 0.091859 0.100651
2 0.309687 0.355874 0.067909 0.079217
2 0.953515 0.401784 0.078648 0.065978
2 0.266479 0.391204 0.063336 0.080609
0 0.471465 0.487300 0.014906 0.071802
2 0.981718 0.817676 0.035986 0.090916
2 0.178606 0.306840 0.046558 0.046898
2 0.292520 0.161066 0.046505 0.038951
2 0.362259 0.392719 0.063449 0.076702
2 0.426617 0.376637 0.078452 0.096063
0 0.519551 0.490616 0.016878 0.076479
2 0.328019 0.155362 0.034293 0.038869
2 0.126614 0.163625 0.038091 0.045422
5 0.397805 0.358501 0.137429 0.134324
0 0.807111 0.429947 0.019097 0.071093
2 0.171204 0.204971 0.044514 0.048093
2 0.398639 0.357695 0.136114 0.132513
0 0.889489 0.434754 0.018488 0.070388
2 0.238156 0.321863 0.047960 0.050752
0 0.812724 0.430015 0.016011 0.068242
0 0.526967 0.492326 0.026155 0.074071
