2 0.635588 0.683109 0.124673 0.137995
2 0.534634 0.612624 0.105594 0.121528
2 0.930201 0.617216 0.093755 0.110345
2 0.516071 0.454152 0.082463 0.089668
2 0.218383 0.399324 0.063770 0.084133
2 0.910226 0.960058 0.176604 0.074494
2 0.267694 0.384994 0.065691 0.082094
2 0.633364 0.378514 0.075724 0.075461
2 0.338241 0.387488 0.073252 0.084796
2 0.936595 0.397274 0.089277 0.072614
0 0.245555 0.784468 0.017300 0.114027
2 0.045532 0.430232 0.090710 0.105591
2 0.275103 0.176151 0.044349 0.043790
0 0.267206 0.543590 0.017423 0.086064
2 0.358565 0.327772 0.063746 0.076263
2 0.768480 0.396240 0.112825 0.091127
2 0.418377 0.375299 0.070411 0.081175
0 0.251770 0.541024 0.016451 0.088604
2 0.188092 0.250903 0.039405 0.041153
2 0.231643 0.236443 0.038347 0.047781
2 0.163043 0.281759 0.052028 0.074306
2 0.074843 0.070008 0.024829 0.030303
