2 0.711044 0.412065 0.089973 0.073143
2 0.288723 0.394487 0.083222 0.108259
2 0.224304 0.403095 0.061784 0.083987
2 0.956791 0.539246 0.085572 0.131899
0 0.280664 0.776369 0.021200 0.104068
0 0.302308 0.773382 0.018123 0.119649
0 0.361203 0.775336 0.037080 0.136412
2 0.045418 0.430667 0.090801 0.107595
0 0.261420 0.784319 0.019783 0.105868
2 0.843746 0.403019 0.085564 0.079771
2 0.339286 0.378354 0.057064 0.070585
4 0.400524 0.333822 0.105847 0.149642
0 0.942452 0.407000 0.015262 0.075482
0 0.961941 0.414670 0.016053 0.082149
2 0.405915 0.228719 0.044843 0.042136
2 0.167182 0.361807 0.055591 0.080802
0 0.956318 0.416654 0.014891 0.081955
2 0.315312 0.152567 0.033318 0.040861
2 0.093636 0.222599 0.037190 0.055292
5 0.237251 0.208561 0.078394 0.108810
2 0.181031 0.125380 0.036145 0.033772
