2 0.736442 0.676064 0.117892 0.131557
2 0.767237 0.892277 0.163609 0.186067
2 0.519496 0.579765 0.098123 0.112056
2 0.594369 0.716667 0.133607 0.154248
2 0.363950 0.542322 0.093494 0.114364
2 0.833567 0.630059 0.146423 0.151675
2 0.870444 0.537704 0.114784 0.098525
2 0.299565 0.407682 0.071539 0.086973
2 0.792365 0.439696 0.096465 0.084675
2 0.422527 0.372024 0.076453 0.091887
2 0.548279 0.532332 0.093977 0.106622
5 0.951760 0.710898 0.095238 0.207571
2 0.045617 0.430418 0.090901 0.104683
0 0.432821 0.966089 0.025215 0.067822
2 0.382374 0.481824 0.087337 0.120670
2 0.410662 0.437754 0.071329 0.092386
2 0.197031 0.308524 0.063568 0.081641
2 0.558157 0.472222 0.085863 0.098787
2 0.641385 0.339398 0.065206 0.073945
2 0.329238 0.301658 0.039946 0.055499
0 0.881111 0.383661 0.016173 0.069597
2 0.347121 0.367890 0.073519 0.090276
2 0.190832 0.210565 0.045829 0.047375
5 0.196991 0.310020 0.063271 0.083465
2 0.929935 0.399116 0.090914 0.069297
