2 0.730650 0.673765 0.137197 0.148600
2 0.917530 0.831956 0.158573 0.173448
2 0.790579 0.830398 0.148959 0.164811
2 0.821140 0.656831 0.133625 0.141769
2 0.532147 0.516038 0.098145 0.106714
2 0.319610 0.428095 0.082036 0.096475
2 0.434200 0.524984 0.099899 0.123850
2 0.608286 0.676511 0.116560 0.134977
2 0.778104 0.533730 0.095112 0.086503
2 0.865706 0.582787 0.101430 0.082108
0 0.439505 0.942976 0.025157 0.114049
2 0.971406 0.962938 0.056488 0.068730
0 0.116508 0.618919 0.018314 0.100151
2 0.245739 0.365678 0.063235 0.073904
2 0.597563 0.590463 0.114939 0.112884
2 0.602631 0.805001 0.084552 0.196515
2 0.748172 0.452340 0.093198 0.074503
0 0.137109 0.647430 0.020462 0.099200
2 0.981238 0.530500 0.036990 0.064165
2 0.280452 0.328138 0.059253 0.078079
0 0.152966 0.538094 0.016390 0.088104
2 0.045539 0.431727 0.090941 0.106274
2 0.407043 0.258059 0.068420 0.066929
2 0.190603 0.319914 0.056102 0.072484
2 0.342946 0.373726 0.063036 0.071373
2 0.744482 0.384785 0.077549 0.059990
2 0.142843 0.081635 0.030224 0.038084
2 0.967224 0.391208 0.057478 0.067210
