2 0.707275 0.763084 0.135023 0.155448
2 0.900121 0.915264 0.177912 0.169471
2 0.930970 0.712215 0.137365 0.152929
2 0.597669 0.566394 0.112214 0.115634
2 0.778203 0.620173 0.138478 0.115164
2 0.834586 0.748990 0.153433 0.167500
2 0.523727 0.604117 0.111088 0.137536
2 0.406616 0.508392 0.094439 0.103988
2 0.885228 0.570319 0.121286 0.094460
2 0.781425 0.533754 0.103080 0.086156
2 0.694542 0.660345 0.116018 0.127215
2 0.647746 0.536326 0.108612 0.115120
0 0.291797 0.761514 0.022335 0.104156
2 0.337416 0.435059 0.080579 0.092378
2 0.249131 0.375249 0.063617 0.074680
2 0.505712 0.472298 0.080986 0.128667
2 0.461043 0.290350 0.061725 0.050164
2 0.407349 0.432974 0.083424 0.087417
2 0.963801 0.890363 0.071832 0.146927
2 0.319141 0.153648 0.045851 0.041393
0 0.052665 0.605906 0.020855 0.099562
2 0.618481 0.330369 0.069697 0.063698
2 0.175999 0.146291 0.039008 0.039564
2 0.342538 0.373682 0.066172 0.075342
2 0.045465 0.430009 0.090911 0.097769
0 0.157585 0.537683 0.014862 0.087160
2 0.478287 0.232251 0.048132 0.038179
2 0.314333 0.211345 0.048349 0.053209
0 0.019738 0.538042 0.018611 0.075789
0 0.941475 0.315391 0.015032 0.056961
