2 0.885049 0.767645 0.156844 0.180361
2 0.708577 0.760170 0.147307 0.183984
2 0.528311 0.612834 0.119656 0.125599
2 0.922850 0.925604 0.152755 0.148791
2 0.308737 0.425774 0.074667 0.085719
2 0.442576 0.530719 0.090286 0.107602
2 0.949350 0.619776 0.100476 0.105193
2 0.215643 0.399306 0.068312 0.084820
2 0.885201 0.448356 0.097348 0.079037
2 0.406218 0.366926 0.073517 0.086683
2 0.666360 0.358791 0.085318 0.078313
0 0.966986 0.411181 0.019743 0.078957
2 0.045296 0.431812 0.090568 0.106767
2 0.269212 0.159040 0.042829 0.043008
2 0.163206 0.425932 0.053516 0.081451
2 0.240533 0.347923 0.060598 0.078254
2 0.568712 0.356178 0.083163 0.082489
4 0.270867 0.092687 0.141076 0.082986
2 0.334262 0.371217 0.072884 0.082168
2 0.974866 0.881707 0.049632 0.108859
0 0.941887 0.397302 0.013754 0.094702
2 0.435376 0.273361 0.063289 0.059244
2 0.131093 0.100111 0.025406 0.028961
5 0.416779 0.214897 0.064513 0.083351
2 0.339426 0.233759 0.029305 0.038435
2 0.322237 0.232836 0.043883 0.041386
5 0.159648 0.231736 0.060659 0.079072
2 0.169706 0.350782 0.059808 0.078141
0 0.160194 0.522113 0.015610 0.077466
2 0.264285 0.306937 0.059404 0.070173
